--> Generating graph with 2000 nodes and 1999000 edges
--> Graph generated ...
Simple Scheme:
TotalCost = 2372
0     1143  
1143  12    
12    995   
995   48    
48    28    
48    287   
28    1172  
1172  557   
1172  1077  
557   1148  
1148  447   
1148  1193  
1193  711   
711   775   
1077  1343  
1343  1448  
1448  930   
1448  1471  
1172  1575  
1193  1607  
1607  1443  
1443  1436  
1436  535   
1436  698   
535   955   
955   1190  
1190  326   
1190  1137  
1137  1092  
1092  181   
181   136   
181   720   
720   508   
508   129   
508   367   
367   33    
33    66    
33    655   
508   824   
508   845   
845   398   
398   270   
181   1027  
655   1074  
33    1206  
1206  86    
1206  624   
624   153   
624   684   
684   249   
249   179   
179   183   
179   412   
412   69    
412   293   
293   642   
642   5     
642   119   
86    697   
697   35    
35    371   
697   712   
69    725   
69    736   
412   787   
179   809   
1206  858   
69    867   
867   148   
624   893   
893   435   
435   448   
448   541   
448   576   
576   81    
576   591   
591   755   
435   818   
818   43    
43    251   
43    468   
43    637   
637   710   
710   233   
43    779   
251   794   
591   826   
826   120   
371   895   
809   942   
942   166   
166   22    
22    31    
166   246   
246   139   
139   439   
439   190   
190   267   
267   84    
84    271   
271   161   
271   194   
139   519   
519   335   
335   478   
519   660   
166   827   
827   216   
216   55    
55    530   
55    616   
616   747   
747   261   
616   800   
148   987   
987   402   
5     1017  
1017  206   
1017  659   
659   494   
494   669   
1017  713   
1017  968   
713   1006  
293   1041  
1041  373   
22    1068  
660   1079  
1079  1071  
1079  1072  
35    1101  
1101  430   
430   279   
279   509   
509   382   
382   230   
230   59    
230   158   
158   409   
409   931   
509   960   
960   752   
960   999   
755   1107  
1107  130   
130   123   
1107  882   
882   232   
232   114   
232   768   
768   883   
883   154   
154   564   
154   598   
883   940   
940   27    
940   417   
27    859   
940   916   
916   89    
89    450   
859   1040  
598   1056  
564   1063  
1063  425   
450   1103  
818   1112  
1112  305   
1112  754   
754   567   
402   1113  
1113  585   
585   219   
219   212   
895   1114  
468   1116  
1116  436   
1116  652   
652   654   
448   1120  
1120  1054  
1054  639   
1114  1121  
1121  740   
1121  907   
907   731   
731   203   
731   601   
601   887   
203   1020  
1020  743   
153   1133  
1133  996   
261   1144  
230   1150  
1150  214   
214   8     
8     192   
1150  514   
514   666   
1150  814   
814   860   
860   418   
192   1058  
1058  126   
1058  247   
126   364   
364   100   
126   441   
247   453   
100   578   
1058  607   
578   763   
763   99    
99    57    
99    433   
99    593   
364   769   
607   857   
857   551   
551   152   
152   178   
551   714   
551   738   
738   568   
57    991   
991   575   
991   854   
575   1038  
1038  966   
966   636   
636   220   
966   790   
220   1047  
1047  258   
1047  602   
258   633   
633   91    
602   676   
676   330   
91    782   
782   558   
558   78    
78    945   
602   962   
962   71    
71    289   
71    461   
962   673   
71    690   
690   903   
903   982   
982   486   
982   910   
910   195   
676   1034  
690   1062  
1062  670   
1062  902   
902   586   
586   455   
586   890   
890   573   
890   614   
614   952   
1062  1024  
1024  201   
1024  276   
1024  322   
201   1004  
1062  1044  
1044  207   
1044  570   
1044  771   
207   1078  
207   1085  
1085  1045  
1045  757   
676   1090  
1090  500   
500   67    
500   475   
475   548   
475   668   
668   420   
67    770   
1090  808   
548   819   
819   943   
943   218   
218   321   
218   776   
776   401   
401   834   
834   919   
668   1021  
1021  404   
834   1091  
126   1100  
218   1104  
636   1111  
769   1119  
1119  1011  
548   1140  
321   1161  
35    1165  
1165  243   
289   1166  
568   1174  
942   1177  
1177  497   
497   40    
497   103   
497   460   
460   62    
62    984   
119   1183  
78    1184  
1184  525   
1184  908   
1184  1053  
1053  1126  
114   1189  
1189  487   
487   189   
779   1200  
1200  932   
932   442   
442   920   
920   702   
1166  1201  
1201  472   
472   888   
1201  1197  
1197  722   
1197  838   
1197  1032  
838   1158  
1158  1155  
1155  1157  
1157  622   
622   370   
370   608   
370   944   
944   205   
205   133   
133   336   
336   277   
133   618   
277   1050  
1050  501   
1050  745   
745   54    
54    135   
54    211   
501   788   
135   1046  
370   1066  
1066  224   
1066  320   
320   351   
224   526   
526   44    
526   427   
526   864   
135   1176  
1176  703   
703   250   
250   17    
703   511   
1114  1202  
119   1203  
1203  387   
387   50    
387   134   
50    311   
311   337   
1203  479   
479   20    
20    4     
479   299   
4     464   
464   671   
671   432   
671   521   
521   257   
50    733   
311   1141  
1141  917   
917   1076  
1141  1115  
1115  994   
994   9     
994   421   
9     851   
851   550   
550   347   
347   549   
994   963   
963   405   
963   547   
547   115   
547   534   
521   1173  
347   1180  
1180  445   
1071  1204  
1204  124   
1204  629   
1204  850   
850   10    
10    170   
850   603   
170   853   
853   288   
288   700   
850   1042  
1042  454   
454   34    
603   1124  
1062  1207  
337   1208  
1208  1132  
10    1209  
1209  53    
1201  1212  
1212  648   
648   621   
648   765   
765   498   
498   109   
109   891   
891   118   
891   805   
805   191   
191   1     
191   15    
805   397   
15    840   
840   791   
791   389   
791   785   
785   927   
927   94    
1092  1218  
1218  38    
38    510   
510   111   
111   127   
111   173   
173   756   
161   1221  
1221  14    
1221  162   
162   231   
162   348   
14    750   
1221  964   
964   844   
747   1222  
279   1228  
50    1231  
1231  138   
1231  344   
344   19    
138   766   
766   314   
766   361   
314   545   
545   393   
361   1135  
1135  961   
961   522   
961   992   
992   419   
419   489   
992   650   
650   61    
61    177   
177   539   
61    1232  
382   1234  
100   1236  
1236  386   
386   142   
1236  469   
469   1008  
1008  709   
709   236   
709   553   
553   852   
1008  884   
236   909   
909   793   
793   378   
378   483   
483   372   
483   552   
793   612   
612   318   
372   789   
789   538   
793   1145  
1145  60    
386   1213  
1213  227   
227   242   
227   967   
757   1244  
1244  742   
742   253   
895   1247  
1247  273   
1247  400   
1247  988   
1247  1153  
1153  188   
1004  1250  
670   1251  
166   1259  
86    1268  
1268  958   
535   1270  
1270  1001  
1133  1275  
497   1276  
1276  516   
516   108   
108   104   
104   29    
29    352   
516   651   
29    803   
1276  1149  
516   1216  
247   1280  
152   1281  
1281  278   
1281  496   
496   410   
278   692   
692   678   
678   96    
496   1093  
461   1284  
84    1285  
1285  965   
965   935   
935   590   
590   63    
63    358   
590   1235  
965   1237  
787   1286  
1286  112   
112   861   
861   739   
112   1055  
861   1192  
1192  691   
253   1287  
1287  339   
339   426   
339   1249  
853   1288  
1288  275   
903   1299  
509   1300  
745   1301  
1301  259   
827   1305  
1305  556   
556   102   
576   1308  
1074  1309  
678   1314  
1314  632   
814   1317  
788   1322  
1322  323   
323   196   
1322  687   
323   821   
196   823   
196   1086  
323   1130  
1322  1272  
1272  399   
399   269   
399   704   
399   1242  
1242  45    
1242  1073  
1073  523   
1058  1323  
1124  1324  
464   1325  
270   1328  
697   1336  
136   1338  
509   1339  
1237  1340  
183   1342  
1342  392   
392   164   
392   1199  
1199  228   
648   1344  
1190  1350  
530   1351  
1351  716   
716   1154  
1154  423   
522   1352  
598   1353  
1017  1358  
1358  1049  
104   1359  
1359  831   
831   878   
183   1365  
1365  42    
1365  144   
42    1326  
1055  1368  
1041  1373  
1373  1369  
144   1374  
1374  376   
376   390   
390   76    
390   226   
390   597   
226   661   
661   381   
661   761   
1374  1098  
661   1178  
76    1224  
1369  1375  
1375  1345  
616   1376  
578   1380  
1380  617   
1380  817   
817   1205  
1205  413   
1205  842   
842   334   
842   437   
842   724   
842   1316  
965   1381  
1381  213   
769   1384  
1384  1170  
1004  1391  
1062  1393  
1393  875   
875   880   
211   1394  
214   1398  
232   1400  
1400  1319  
135   1401  
1401  296   
1401  527   
1050  1406  
1406  470   
412   1407  
1062  1410  
1410  452   
452   969   
969   169   
169   584   
584   208   
584   784   
178   1411  
1411  615   
1336  1412  
1412  706   
314   1413  
84    1415  
413   1416  
1154  1417  
1417  866   
866   13    
13    836   
836   953   
953   174   
174   391   
953   506   
866   1388  
382   1418  
1418  302   
302   349   
349   41    
302   813   
302   918   
813   1039  
813   1264  
63    1420  
754   1422  
1422  68    
68    701   
1422  780   
68    1117  
1117  47    
1117  837   
47    1123  
1422  1289  
1173  1426  
1116  1429  
1429  543   
1429  647   
543   751   
751   565   
543   777   
543   922   
740   1430  
371   1433  
1433  1198  
1198  1265  
1265  876   
1204  1434  
875   1439  
1439  357   
952   1441  
1441  36    
1441  366   
366   272   
366   718   
718   125   
718   653   
36    1382  
1382  340   
340   286   
340   1241  
842   1444  
1352  1445  
927   1449  
1449  529   
529   983   
205   1451  
1451  145   
1451  155   
1451  369   
145   683   
369   914   
914   517   
517   480   
261   1453  
1453  737   
737   225   
737   957   
988   1455  
86    1460  
779   1464  
1464  1465  
1465  312   
1381  1469  
1469  262   
1049  1472  
1472  1075  
576   1478  
1478  141   
1478  1156  
1156  202   
1156  1215  
1478  1466  
785   1479  
553   1480  
1480  422   
460   1484  
1484  345   
1484  956   
956   862   
862   741   
956   897   
862   934   
348   1486  
112   1487  
1487  168   
387   1488  
432   1489  
508   1490  
1488  1491  
982   1492  
422   1494  
538   1496  
1496  1175  
1175  1470  
1470  396   
1470  843   
843   505   
843   693   
567   1499  
57    1502  
935   1504  
45    1505  
1505  1370  
1370  574   
574   1240  
1240  796   
796   546   
546   98    
98    75    
98    209   
209   294   
1240  1110  
1110  762   
762   1007  
98    1181  
796   1321  
136   1506  
276   1508  
38    1509  
691   1515  
1515  1255  
205   1516  
336   1520  
909   1521  
1521  1431  
1431  353   
353   1318  
1318  544   
544   555   
544   1195  
1318  1243  
1243  1182  
1431  1511  
1511  595   
595   143   
143   113   
143   1026  
745   1522  
784   1523  
1523  1254  
988   1524  
1524  2     
2     972   
405   1525  
1525  959   
86    1526  
794   1528  
670   1529  
968   1530  
1530  395   
1530  1219  
831   1532  
1532  73    
158   1533  
1533  186   
907   1534  
1534  810   
261   1535  
1535  255   
1535  434   
434   672   
1535  1122  
1122  1307  
1535  1330  
1330  223   
223   1256  
1256  82    
1256  1171  
82    1378  
1378  235   
1535  1461  
1461  542   
542   446   
1461  829   
102   1537  
1537  463   
1537  675   
463   1191  
1191  222   
890   1539  
1218  1540  
81    1541  
1541  877   
1541  1168  
1063  1542  
1542  415   
1027  1544  
1544  1081  
1081  1346  
68    1545  
452   1547  
1547  1273  
1273  1428  
1428  835   
835   58    
230   1548  
1548  1435  
1522  1552  
1168  1556  
1259  1557  
1557  767   
767   1292  
1207  1558  
526   1559  
1559  901   
762   1564  
1042  1565  
345   1566  
1566  1230  
1230  1518  
1518  1383  
1383  147   
1383  1371  
1375  1567  
821   1568  
943   1569  
1569  429   
648   1570  
1046  1572  
733   1573  
1115  1574  
509   1576  
1204  1577  
1577  1051  
1051  85    
85    1290  
595   1579  
1579  46    
1579  1028  
654   1581  
1581  298   
298   643   
468   1582  
1582  6     
1582  283   
283   350   
893   1583  
642   1584  
608   1586  
232   1588  
1588  260   
260   97    
97    645   
645   285   
285   1477  
97    1500  
97    1550  
1550  473   
1550  1267  
1550  1403  
1477  1562  
1562  1513  
260   1585  
1376  1589  
1589  583   
158   1591  
422   1592  
673   1593  
1593  681   
681   680   
681   865   
865   443   
681   1036  
1036  368   
1593  1329  
700   1594  
1594  1554  
226   1595  
530   1596  
907   1598  
745   1599  
1599  587   
587   707   
1599  774   
67    1600  
78    1601  
1601  375   
1601  1223  
1223  197   
197   753   
197   778   
778   411   
411   626   
626   609   
1223  806   
806   79    
778   971   
79    1067  
1067  327   
778   1127  
1223  1179  
1067  1210  
79    1227  
1227  374   
374   981   
374   1298  
778   1405  
1405  403   
1405  1064  
1064  428   
1588  1602  
956   1604  
813   1605  
1523  1606  
1606  1083  
1083  332   
1288  1608  
1161  1609  
1609  297   
1145  1610  
351   1611  
1611  848   
848   1551  
1249  1612  
1612  1315  
1091  1613  
302   1616  
401   1617  
1209  1619  
1619  1136  
1136  491   
491   760   
491   912   
212   1621  
1621  39    
262   1622  
1504  1623  
1623  215   
215   1125  
1125  1514  
1514  1442  
1442  1303  
1303  493   
992   1624  
296   1625  
1625  440   
854   1628  
1487  1629  
1629  571   
876   1630  
1272  1631  
1631  726   
726   696   
564   1633  
55    1634  
1038  1637  
824   1638  
434   1640  
321   1642  
1642  1283  
1283  656   
1283  1304  
880   1645  
614   1646  
1646  1139  
94    1647  
1318  1648  
196   1649  
1649  291   
291   1187  
1359  1650  
959   1651  
1410  1655  
460   1657  
1642  1660  
1660  566   
566   665   
665   199   
566   900   
900   1302  
1660  1306  
1302  1481  
426   1661  
1133  1665  
232   1666  
177   1667  
1667  1587  
961   1669  
1328  1670  
14    1673  
969   1674  
900   1675  
1287  1677  
1677  1022  
1677  1225  
1225  7     
1225  274   
7     623   
623   1357  
1225  1590  
927   1679  
1679  759   
1590  1682  
757   1683  
1683  1538  
1538  1501  
1501  1676  
1410  1684  
450   1685  
1381  1686  
1198  1690  
1690  1385  
1206  1691  
1691  87    
1691  101   
1276  1692  
371   1694  
1694  993   
993   849   
849   781   
1694  1291  
1291  263   
1291  1367  
263   1652  
602   1695  
593   1696  
227   1697  
1405  1698  
1698  1226  
880   1699  
119   1702  
1702  172   
1191  1703  
1703  37    
1703  905   
37    1475  
1475  735   
735   749   
439   1704  
1704  644   
420   1705  
48    1710  
1710  1194  
932   1711  
1711  572   
1711  1437  
348   1712  
550   1713  
672   1714  
930   1715  
2     1716  
153   1717  
1314  1718  
1718  975   
76    1719  
1719  936   
1500  1720  
1720  502   
1622  1721  
1721  331   
956   1722  
1722  132   
1722  1337  
1337  365   
1337  1087  
401   1723  
1723  1162  
1162  1620  
339   1725  
1725  256   
256   721   
1725  1134  
1134  667   
667   363   
667   925   
667   1362  
1362  95    
95    333   
333   49    
49    856   
673   1726  
1726  610   
800   1727  
1727  870   
870   1099  
920   1728  
1227  1729  
1729  746   
1729  1361  
489   1730  
1730  773   
773   863   
1730  1118  
1730  1627  
1627  65    
995   1731  
1731  150   
13    1732  
1732  1517  
1517  481   
481   1010  
1010  939   
1010  1555  
1732  1701  
311   1733  
645   1734  
1045  1735  
1735  175   
175   899   
722   1738  
393   1743  
387   1746  
1126  1747  
597   1748  
1748  284   
284   117   
117   165   
165   1238  
117   1507  
932   1749  
410   1752  
1752  938   
712   1755  
1755  1639  
1655  1756  
1150  1757  
1757  828   
1757  1658  
1658  309   
309   77    
535   1759  
1206  1760  
982   1764  
735   1765  
348   1768  
1768  90    
1768  1262  
932   1769  
624   1770  
1770  797   
1770  1159  
1159  825   
797   1483  
1483  281   
281   580   
281   1108  
1108  588   
588   728   
1053  1772  
982   1773  
1773  295   
295   694   
694   182   
1773  855   
855   947   
448   1774  
1384  1775  
1775  795   
1183  1776  
1776  1659  
1659  462   
615   1778  
1642  1780  
1780  1459  
1459  1744  
1744  451   
1209  1781  
1781  954   
954   1331  
714   1782  
1782  682   
682   1031  
1031  467   
467   356   
356   280   
356   631   
631   1750  
373   1783  
1783  596   
1190  1784  
1784  896   
1784  1519  
1757  1785  
1785  980   
321   1786  
519   1788  
1788  1402  
1402  1497  
893   1789  
1148  1791  
334   1793  
1793  300   
246   1794  
405   1795  
1     1796  
769   1797  
1797  52    
1301  1798  
1798  729   
1798  1668  
837   1799  
1034  1802  
1802  594   
1590  1803  
961   1806  
1806  466   
1496  1807  
1264  1808  
1808  600   
1451  1809  
1114  1810  
207   1812  
1812  1671  
953   1813  
1813  748   
120   1814  
1103  1815  
1071  1816  
1655  1817  
1595  1818  
1818  1561  
183   1819  
1819  1389  
82    1820  
509   1822  
1822  471   
318   1823  
1823  941   
994   1824  
1824  560   
560   951   
1407  1825  
1825  1804  
327   1832  
1832  341   
341   406   
406   929   
341   1160  
1160  105   
105   110   
188   1833  
2     1834  
1834  1724  
1091  1835  
864   1836  
1836  886   
1714  1837  
508   1838  
1838  1266  
1067  1839  
1839  515   
1813  1840  
1840  456   
456   198   
1840  599   
599   1427  
854   1841  
827   1843  
692   1844  
1844  131   
214   1845  
1845  532   
532   820   
820   1458  
1458  1618  
1618  92    
92    414   
414   149   
414   159   
149   180   
159   894   
1618  990   
180   1571  
1820  1846  
1846  1792  
1792  301   
301   1452  
945   1847  
436   1848  
994   1849  
1598  1850  
776   1851  
1141  1852  
835   1853  
183   1854  
953   1855  
1568  1856  
253   1857  
1857  657   
1091  1858  
1858  528   
528   989   
776   1859  
1859  1018  
739   1860  
747   1861  
1861  72    
72    1282  
1486  1862  
373   1863  
710   1868  
714   1869  
755   1870  
710   1871  
108   1872  
435   1873  
1873  1485  
414   1877  
1697  1878  
1272  1879  
1879  732   
732   431   
1879  1037  
192   1880  
1189  1881  
1881  1106  
1106  606   
1881  1740  
1740  1751  
242   1882  
1045  1884  
1884  1363  
1363  537   
1363  1390  
1884  1546  
192   1885  
747   1887  
883   1888  
350   1889  
1889  871   
1232  1890  
1422  1891  
1891  1025  
1221  1893  
1893  646   
521   1894  
367   1896  
1403  1897  
1044  1901  
1901  482   
1901  1560  
1491  1902  
334   1903  
848   1904  
1904  458   
458   915   
1904  949   
309   1906  
824   1907  
1255  1908  
1908  1065  
1908  1742  
894   1909  
1194  1910  
1910  1886  
1139  1911  
439   1912  
1912  1320  
365   1913  
1665  1915  
652   1917  
516   1918  
546   1919  
1919  815   
815   1396  
1396  1146  
1146  1258  
944   1921  
1437  1922  
1922  1233  
1281  1923  
1923  1257  
882   1924  
418   1926  
1402  1927  
766   1930  
261   1931  
667   1933  
391   1934  
1809  1935  
109   1936  
1936  1495  
1495  377   
1936  1753  
374   1938  
166   1939  
1939  1663  
1559  1942  
1942  317   
1942  1355  
148   1944  
1944  979   
704   1945  
220   1946  
1435  1947  
1947  786   
786   554   
554   1088  
1088  1013  
1013  254   
254   459   
786   1354  
1354  1097  
254   1392  
1392  923   
923   492   
492   187   
923   1002  
187   1327  
554   1450  
1088  1615  
1615  184   
184   438   
438   343   
343   1347  
459   1707  
1707  1867  
1867  658   
184   1920  
189   1948  
1948  734   
1948  1188  
1141  1949  
1522  1950  
1723  1951  
961   1952  
1952  1379  
1750  1953  
1953  717   
1953  1925  
410   1954  
376   1955  
1955  185   
588   1956  
1956  1438  
28    1958  
1958  689   
689   518   
296   1959  
763   1960  
1651  1961  
1961  229   
1813  1962  
509   1965  
79    1967  
1967  783   
584   1968  
1968  832   
1551  1969  
1969  1152  
1152  1409  
1152  1641  
1641  1900  
1466  1970  
1270  1972  
762   1973  
132   1974  
27    1975  
1975  1563  
1563  83    
845   1977  
35    1978  
1978  582   
582   476   
476   106   
1978  1423  
100   1979  
1488  1981  
1550  1982  
632   1983  
1832  1984  
1984  1644  
1644  1866  
1667  1987  
1987  674   
53    1988  
132   1989  
854   1990  
1990  1493  
1493  869   
896   1992  
568   1993  
827   1995  
201   1996  
118   1998  
1998  1102  
1102  1693  
530   3     
726   11    
857   16    
16    649   
871   18    
220   21    
1257  23    
1317  24    
178   25    
752   26    
1281  30    
30    248   
178   32    
1287  51    
51    561   
405   56    
1339  64    
1576  70    
1085  74    
541   107   
1697  116   
116   156   
669   121   
121   1874  
1874  1128  
1128  1883  
420   122   
922   128   
1379  137   
283   140   
231   146   
469   151   
151   744   
552   157   
1746  160   
658   163   
475   167   
760   171   
171   1016  
1016  812   
812   359   
1699  176   
1064  193   
1281  200   
200   1510  
1411  204   
1448  210   
447   217   
1050  221   
221   1295  
794   234   
871   237   
1588  238   
238   354   
1190  239   
239   1536  
293   241   
1807  244   
244   1131  
152   245   
1617  264   
742   265   
67    266   
1338  268   
268   1015  
1350  282   
273   290   
290   559   
138   303   
899   304   
1532  306   
661   307   
726   310   
433   315   
206   316   
1195  319   
653   324   
324   1432  
578   325   
1841  328   
328   685   
857   329   
329   1425  
1040  342   
342   80    
1471  346   
177   360   
360   1377  
1195  362   
1529  379   
379   1061  
1061  605   
605   613   
1061  1147  
1147  1012  
605   1196  
1124  384   
1947  388   
1343  394   
50    407   
1978  408   
307   416   
416   921   
416   1597  
1597  1033  
1033  1310  
720   424   
451   449   
91    457   
1674  465   
1458  474   
474   1527  
1527  1386  
1527  1681  
1681  628   
1107  477   
752   484   
769   485   
621   488   
1637  490   
301   495   
1195  499   
834   503   
1513  504   
1115  507   
535   512   
177   513   
513   252   
733   520   
195   524   
659   531   
552   533   
1581  536   
432   540   
850   562   
562   1248  
1248  1296  
1883  563   
563   619   
455   569   
760   577   
1021  579   
579   1169  
1466  604   
604   1662  
1101  611   
267   620   
1710  625   
625   1971  
618   627   
1443  634   
454   635   
0     638   
110   662   
321   664   
138   677   
917   686   
953   688   
1818  695   
812   705   
539   715   
715   292   
1227  719   
713   723   
1642  727   
727   1030  
195   730   
730   892   
892   1456  
417   758   
999   764   
1439  772   
689   792   
772   801   
19    802   
802   933   
1695  804   
804   1831  
843   807   
58    811   
1616  816   
765   822   
1703  830   
747   833   
763   841   
1154  846   
756   847   
1906  868   
868   1356  
1328  872   
680   873   
1443  874   
518   879   
1139  881   
1890  885   
850   889   
889   1503  
1655  898   
1091  904   
904   679   
134   906   
529   913   
154   924   
1325  926   
1249  928   
330   937   
1534  946   
784   948   
1173  950   
950   93    
93    1463  
1463  383   
1901  970   
221   973   
83    974   
1267  977   
680   978   
978   1941  
742   985   
102   986   
986   1767  
1487  997   
966   998   
115   1000  
1000  380   
43    1003  
441   1005  
765   1009  
1009  1229  
593   1014  
1014  1787  
386   1019  
687   1035  
1608  1043  
1209  1052  
475   1057  
1057  1151  
874   1059  
697   1060  
200   1069  
220   1080  
133   1082  
1082  1811  
1561  1089  
1089  1553  
1553  1895  
1895  88    
214   1094  
1280  1095  
415   1096  
1358  1105  
595   1109  
1109  313   
1109  976   
1726  1129  
763   1138  
1701  1142  
940   1163  
1242  1164  
1787  1167  
78    1185  
1185  1349  
1225  1186  
1646  1211  
639   1214  
1214  1991  
742   1217  
1217  1980  
1420  1239  
882   1246  
1562  1252  
78    1253  
1536  1260  
409   1261  
790   1269  
1043  1271  
659   1274  
1593  1277  
1277  799   
124   1278  
1523  1279  
1267  1293  
1293  1762  
1293  1892  
1293  1084  
907   1294  
1294  1672  
1702  1297  
1255  1311  
1807  1312  
1204  1332  
78    1333  
1190  1334  
1034  1335  
1225  1341  
1341  444   
1713  1348  
1348  1029  
1348  798   
294   1360  
791   1364  
1364  1023  
1023  641   
1959  1366  
1491  1372  
918   1387  
1650  1395  
1611  1397  
286   1404  
148   1408  
543   1414  
598   1419  
1497  1424  
126   1440  
1576  1446  
1660  1447  
1051  1454  
731   1457  
172   1462  
1462  1706  
1107  1467  
1076  1468  
1954  1473  
1281  1474  
1213  1476  
129   1482  
442   1498  
1498  1928  
1123  1512  
843   1543  
1184  1578  
1578  1865  
1865  663   
1501  1580  
930   1603  
347   1614  
1702  1626  
787   1632  
157   1635  
548   1643  
293   1653  
1242  1656  
1517  1664  
279   1678  
1415  1680  
1259  1687  
530   1688  
877   1700  
631   1708  
1708  640   
516   1709  
1934  1736  
8     1737  
1556  1739  
920   1741  
901   1754  
698   1758  
1862  1763  
14    1766  
1526  1771  
168   1777  
1042  1779  
120   1790  
1790  1828  
1853  1800  
351   1801  
1606  1805  
984   1821  
1200  1827  
996   1842  
962   1875  
567   1876  
1194  1898  
455   1905  
189   1914  
1280  1916  
1007  1929  
361   1932  
1595  1937  
675   1943  
37    1957  
1195  1963  
734   1964  
1075  1966  
1966  581   
468   1976  
113   1985  
295   1986  
1986  1761  
425   1994  
123   1997  
287   1999  
1999  1263  
1359  240   
351   308   
242   338   
519   355   
888   385   
1417  589   
570   592   
120   630   
1173  699   
714   839   
863   911   
552   1048  
323   1070  
1682  1220  
1150  1245  
177   1313  
1313  1689  
334   1399  
277   1421  
1140  1531  
296   1549  
1239  1636  
148   1654  
927   1745  
396   1826  
1998  1830  
155   1864  
28    1899  
0     1940  
1270  708   
1045  1829  
Time Taken = 960 ms
Fibonacci Scheme:
TotalCost = 2372
0     1143  
0     300   
300   1793  
1793  1415  
1793  334   
1415  84    
334   842   
84    267   
842   1205  
267   190   
1205  413   
190   439   
1793  1872  
439   1912  
439   139   
1912  1320  
139   246   
1912  220   
246   1794  
220   636   
1794  489   
636   1111  
489   1730  
842   1444  
1730  1118  
1444  1426  
1444  1965  
1426  1173  
1965  305   
1173  521   
305   1112  
521   257   
1112  754   
1112  818   
754   567   
818   435   
818   43    
435   448   
43    1770  
448   576   
1770  1210  
1770  797   
1210  1067  
1770  15    
1067  327   
15    191   
1067  79    
191   805   
191   1     
805   891   
1     1796  
891   109   
1796  1288  
109   498   
1288  275   
498   765   
1288  756   
220   1047  
220   1946  
1047  258   
1946  1534  
258   633   
1534  810   
1534  907   
633   91    
907   1121  
91    782   
1121  740   
842   437   
740   1430  
1047  602   
84    1285  
602   676   
1285  965   
676   330   
965   935   
676   1034  
636   966   
1034  1802  
413   1649  
1802  836   
1649  1489  
836   13    
1489  432   
13    1732  
432   1901  
1732  1613  
1901  925   
1613  464   
925   667   
464   4     
667   363   
667   1134  
363   1808  
1134  1725  
1808  600   
1725  339   
667   1362  
339   1287  
1362  95    
246   166   
95    1727  
166   1259  
1727  870   
1259  1557  
870   1924  
1557  446   
1924  882   
446   542   
882   232   
542   1461  
232   1400  
1461  1535  
1400  1319  
1535  434   
1319  1595  
434   1640  
1595  1818  
434   1630  
434   672   
1630  876   
672   1714  
876   1265  
1714  1837  
1265  1198  
84    271   
1198  1690  
271   194   
1690  1385  
1198  1433  
842   1952  
1433  1851  
1952  1379  
1851  281   
1851  776   
281   580   
1952  961   
4     20    
961   1669  
20    479   
961   1541  
479   299   
1541  877   
299   1710  
877   1919  
1710  48    
1710  1194  
48    287   
1194  1910  
48    28    
1910  1886  
28    1172  
28    1958  
1172  557   
1172  1575  
557   1148  
1958  689   
1148  447   
689   518   
1148  1791  
1148  1193  
1791  29    
1193  711   
29    104   
711   775   
104   1359  
1791  206   
1359  1650  
1359  831   
1650  1345  
831   1843  
831   878   
831   1532  
413   1416  
1532  73    
1595  226   
576   591   
226   661   
591   755   
661   381   
661   1178  
661   761   
591   826   
226   1572  
826   120   
1572  1046  
120   1814  
1046  1176  
842   724   
1176  703   
1814  1904  
703   511   
1904  949   
1904  848   
1046  135   
848   1611  
135   54    
1611  1569  
1611  351   
1569  943   
1569  1326  
1569  429   
351   320   
54    211   
54    745   
211   1394  
745   1301  
1394  61    
1301  259   
61    1342  
259   1540  
1342  183   
1540  1382  
183   1854  
1382  340   
183   1365  
340   1241  
340   286   
961   1806  
672   1880  
1806  466   
271   161   
1572  1576  
161   1221  
1540  1218  
1221  162   
1218  669   
162   231   
1218  38    
1221  14    
38    510   
14    750   
38    1509  
510   1647  
1509  345   
1509  777   
602   1695  
1880  192   
1695  609   
192   1885  
609   1807  
1885  1642  
1807  1496  
1642  1660  
1496  1175  
1660  1306  
1642  321   
1885  897   
321   1786  
1885  1776  
1786  1180  
1776  1183  
1180  445   
1180  347   
609   626   
347   550   
1180  1858  
550   851   
1858  528   
851   9     
528   989   
1776  1659  
9     994   
1659  462   
994   421   
994   1115  
994   1824  
1115  1236  
1115  1141  
1236  834   
1141  1852  
1824  560   
1852  793   
560   951   
793   909   
793   378   
909   236   
378   483   
236   709   
483   552   
709   553   
378   1685  
553   1480  
553   852   
1480  422   
709   1008  
422   1592  
1008  1810  
1008  884   
1810  1978  
1730  411   
1978  1423  
1221  964   
1649  196   
964   844   
196   1086  
196   323   
1649  291   
323   1130  
291   1187  
1130  1733  
196   823   
1649  1401  
339   1249  
1401  527   
1249  1612  
527   1773  
1612  1315  
1773  855   
1773  295   
855   947   
295   694   
1773  982   
694   182   
982   910   
982   1764  
910   195   
982   1492  
982   486   
1249  1486  
1401  1772  
1486  1862  
1772  1053  
745   1522  
1053  1126  
1522  1552  
1522  1950  
1126  1747  
1770  1159  
1950  1860  
1159  1816  
1860  739   
1730  1627  
739   861   
1627  65    
861   112   
1730  773   
112   1286  
773   863   
1286  787   
863   1990  
787   412   
1990  1493  
412   69    
1493  869   
69    725   
69    867   
412   293   
867   148   
293   1041  
293   642   
1041  373   
642   5     
1041  31    
797   1483  
1041  1373  
69    736   
1373  1369  
226   390   
1369  1683  
390   597   
1683  757   
597   1748  
757   1244  
1748  284   
1244  742   
1748  1371  
742   1715  
757   1045  
1715  930   
1045  1085  
930   1448  
1085  207   
1448  1343  
207   1078  
1045  1884  
1045  1735  
1884  1546  
1735  175   
1884  1363  
175   899   
1363  537   
1732  1701  
1732  1517  
345   1484  
1517  481   
1484  460   
481   1970  
460   62    
481   1010  
62    984   
1010  1555  
1010  939   
1970  1152  
1970  1466  
1152  1969  
1152  1641  
1901  1044  
1641  1900  
1044  570   
1044  1062  
1044  771   
1062  1410  
1062  670   
1410  452   
1410  1655  
452   969   
1655  1756  
969   169   
1655  1817  
169   584   
1965  509   
584   784   
509   960   
509   279   
960   752   
279   1228  
279   430   
1228  1336  
960   999   
1336  1412  
1336  697   
1412  706   
697   86    
697   712   
86    1526  
86    1460  
584   1645  
584   208   
509   1339  
509   1822  
509   382   
1822  471   
382   1234  
382   1418  
1965  1304  
1791  1232  
1965  1982  
1232  1317  
1359  1879  
1317  814   
1982  1550  
670   1529  
1550  97    
1550  473   
97    645   
97    1500  
645   1679  
97    260   
805   397   
260   1585  
1904  458   
1770  1093  
460   497   
1093  496   
497   1177  
496   1281  
497   40    
1281  1923  
1281  1202  
1281  152   
497   1276  
496   410   
1276  1692  
1276  1149  
765   648   
935   590   
648   1212  
590   1235  
1212  1305  
590   63    
1305  1429  
63    358   
1429  1116  
63    1420  
1116  652   
648   1344  
652   654   
652   1917  
654   1581  
648   621   
1581  298   
703   250   
298   643   
250   17    
776   401   
464   1325  
401   1617  
401   1723  
1617  350   
1723  1162  
350   1889  
1723  1951  
943   819   
1288  352   
1382  1882  
1236  469   
1882  242   
1882  894   
43    779   
894   159   
779   1464  
159   414   
1464  1465  
414   1877  
1465  312   
414   92    
414   149   
779   1200  
149   180   
1200  932   
180   1571  
932   1769  
932   1711  
932   442   
1711  1437  
442   920   
1711  572   
1401  296   
1363  1390  
296   1625  
567   1499  
969   1674  
1625  440   
1249  1300  
782   558   
1642  1283  
558   78    
1283  656   
1319  1619  
78    945   
1619  1209  
1619  1136  
1209  53    
1136  491   
1619  68    
491   760   
68    701   
1685  450   
1205  817   
450   89    
79    1227  
1448  1471  
1227  1729  
1227  374   
1729  1361  
374   1938  
1919  546   
1978  35    
546   796   
35    1165  
796   1321  
1165  243   
1786  972   
609   1726  
972   2     
1726  610   
2     1524  
192   1058  
1773  1922  
1058  126   
1058  1323  
126   441   
126   364   
1058  247   
323   821   
1058  607   
821   1896  
192   8     
1896  367   
1896  1712  
152   178   
784   1523  
374   1298  
1523  1254  
1729  746   
1523  1606  
965   1237  
1116  436   
1237  1340  
436   1848  
327   1832  
320   1066  
1832  1984  
1066  370   
1984  1644  
370   608   
1644  1866  
608   1586  
61    177   
1500  1720  
177   1667  
1720  502   
1667  1587  
1667  1987  
1667  1702  
1987  674   
1702  172   
1990  854   
177   539   
854   1628  
854   991   
1628  1548  
854   1841  
1548  1435  
1791  1150  
1326  42    
1150  1270  
1150  514   
1270  1001  
514   666   
1270  535   
1270  1972  
535   955   
535   1436  
1218  1092  
1436  698   
1092  1137  
1092  181   
1436  1443  
181   720   
181   136   
645   1734  
1172  1077  
1526  710   
1062  1393  
710   1868  
1393  875   
710   1871  
875   1439  
1868  692   
339   426   
692   678   
692   1844  
678   96    
1844  131   
678   1314  
1810  1847  
1314  1718  
1535  1122  
754   1422  
382   230   
1422  780   
230   59    
230   158   
848   1551  
1422  1891  
158   1533  
1891  1025  
1533  186   
158   1591  
186   1694  
158   409   
1287  1677  
409   931   
1677  1022  
1677  1225  
961   992   
1225  274   
992   1247  
1225  1590  
793   1145  
1694  1291  
1145  1610  
1291  1367  
1145  60    
1236  386   
909   1521  
834   919   
1521  1431  
642   1584  
1431  353   
1115  1574  
353   1318  
353   1530  
1318  1648  
1530  1219  
1530  395   
1530  968   
994   1849  
422   1494  
994   963   
430   1101  
963   547   
963   405   
547   534   
126   1100  
405   1525  
547   115   
1525  959   
1990  294   
959   1651  
294   209   
1651  1961  
1062  1350  
1961  229   
112   1055  
68    1117  
29    803   
1117  47    
1117  837   
47    1123  
1055  1368  
837   1799  
643   1995  
1382  36    
149   1908  
36    1441  
1908  1582  
1441  366   
1908  1255  
366   718   
1255  1515  
718   125   
1515  691   
718   653   
1232  1890  
1660  566   
1890  820   
566   900   
820   1458  
900   1675  
900   1302  
1718  975   
820   532   
1288  1608  
247   1280  
1365  144   
1422  1289  
819   548   
1225  7     
548   1140  
7     623   
870   1099  
623   1357  
745   1050  
1400  860   
1050  501   
1050  277   
501   788   
1062  1024  
1062  690   
1024  322   
690   71    
1024  276   
71    461   
276   1508  
461   1284  
1508  967   
1284  1996  
1508  1449  
1024  201   
1449  529   
201   1004  
529   1646  
1550  1403  
1646  1139  
1403  1897  
1139  1911  
410   1752  
529   983   
1752  938   
983   1887  
935   1504  
1887  747   
1504  1623  
747   616   
1623  215   
616   55    
215   1125  
55    216   
747   1528  
181   1027  
1528  1775  
669   494   
1775  1384  
494   659   
1384  1170  
676   1090  
1613  1091  
1090  500   
1091  1835  
1090  808   
1808  1264  
1879  1272  
1872  108   
1272  1631  
602   962   
1879  1037  
1725  1684  
345   1566  
1725  256   
1814  1783  
144   1374  
1500  1728  
1374  1098  
1728  901   
1783  596   
1566  1230  
1530  918   
1230  1518  
1247  1153  
793   612   
1247  400   
612   318   
1153  188   
1247  273   
747   1861  
1287  253   
1861  72    
875   1544  
72    1282  
576   1478  
576   81    
1478  141   
1062  1207  
907   731   
1207  1558  
731   203   
731   601   
203   1020  
601   887   
178   1411  
576   1308  
1411  615   
79    1967  
615   1778  
615   1696  
756   173   
281   1108  
776   1859  
1067  1839  
1859  1018  
1839  515   
55    530   
1285  1559  
530   1351  
1559  526   
1351  716   
526   864   
716   1154  
546   98    
1683  1538  
98    75    
1538  1501  
98    1181  
1841  1850  
390   1797  
607   857   
1797  52    
1590  1803  
1818  1561  
1162  1620  
1193  1607  
148   987   
206   1017  
987   402   
1371  1383  
402   1113  
1802  594   
1113  585   
991   57    
1967  783   
57    1502  
57    99    
1281  278   
99    763   
99    433   
1209  1781  
1020  743   
1781  954   
763   578   
1802  101   
1802  1322  
1802  1201  
1322  687   
1201  1166  
1201  1197  
1642  1780  
1197  1032  
1780  1459  
162   348   
1459  1744  
348   1768  
1744  451   
1768  90    
1768  1262  
1802  1376  
864   1836  
242   227   
1836  344   
1262  1907  
344   19    
1907  824   
344   1231  
824   1638  
1231  50    
1231  138   
50    733   
138   766   
50    387   
766   1930  
387   1746  
387   1488  
1746  49    
1488  1491  
49    856   
1491  1902  
387   134   
48    995   
1017  713   
995   1731  
995   12    
1731  1352  
1731  153   
1731  150   
153   1133  
150   1782  
1133  996   
1133  1275  
1133  1665  
1782  714   
1665  1915  
1782  682   
766   361   
497   103   
776   218   
103   1838  
1726  673   
218   1104  
673   1593  
1439  357   
1154  1417  
1593  681   
1593  1329  
681   865   
1814  1238  
426   1661  
1238  165   
1661  1309  
1661  1195  
1309  1074  
374   981   
1074  655   
681   680   
1535  261   
1679  1110  
261   1453  
261   1144  
1110  762   
261   1931  
762   1007  
1183  119   
1679  927   
1544  1081  
1908  1065  
1081  1346  
1050  1406  
1679  759   
1406  470   
759   1699  
247   453   
842   1316  
1769  544   
1316  1609  
544   555   
1609  297   
1291  263   
1501  1676  
263   1652  
1121  1114  
882   1107  
1141  917   
1107  130   
917   1076  
130   123   
1344  399   
89    916   
399   1242  
1645  880   
260   1823  
710   233   
1823  941   
1823  1554  
1823  223   
1554  1594  
916   940   
1242  45    
940   883   
45    1505  
883   154   
940   417   
154   564   
154   598   
564   1204  
598   1353  
1204  629   
1204  1577  
1204  1434  
1577  1051  
564   1633  
1051  85    
1453  737   
85    1290  
737   1637  
737   225   
737   957   
1505  1370  
1204  850   
598   1056  
850   603   
1370  574   
603   1124  
564   1063  
1124  1324  
1063  425   
399   704   
321   1161  
704   1945  
1209  10    
1901  482   
10    170   
277   336   
1901  1560  
336   1520  
336   133   
1889  871   
133   618   
932   1749  
1204  124   
133   205   
71    289   
205   1516  
796   1240  
821   1568  
940   27    
1568  1856  
27    1975  
27    859   
1975  1563  
859   1040  
1563  83    
1242  1073  
166   22    
1379  1954  
22    1068  
1954  198   
1627  1812  
1276  516   
198   456   
516   651   
456   1840  
516   1216  
166   827   
256   721   
166   1939  
148   1944  
1939  1663  
1944  979   
166   942   
1812  1671  
942   809   
183   179   
1062  902   
179   249   
902   586   
249   684   
586   890   
1141  311   
890   1539  
890   573   
1429  647   
1524  988   
1559  1942  
1840  599   
1942  1355  
599   1427  
1942  1989  
1727  800   
1125  1514  
1694  993   
1514  1442  
1989  132   
1442  1303  
132   1722  
1303  493   
1722  1337  
132   1974  
1337  1087  
1337  365   
1301  1798  
891   118   
1798  729   
118   1998  
1798  1668  
1998  1102  
460   1657  
1345  1375  
1102  1693  
1557  767   
1848  1948  
767   1292  
1948  189   
1948  734   
189   487   
1948  1188  
487   1189  
2     1716  
1439  1717  
1189  1881  
1717  660   
1881  1106  
1881  1740  
993   849   
1740  1751  
849   781   
1004  1391  
961   1135  
2     1834  
530   1596  
1834  1724  
961   522   
1550  1267  
1619  1472  
1631  726   
1472  1075  
726   696   
1472  1049  
966   1038  
681   1036  
966   790   
1923  1257  
223   1256  
1712  164   
1256  82    
1256  1171  
82    1820  
479   1203  
1175  1470  
1203  738   
1470  843   
1470  396   
843   693   
738   568   
843   505   
1203  212   
568   1174  
568   1993  
982   903   
645   285   
1646  1918  
285   1477  
1159  825   
1477  1562  
825   1955  
458   915   
1955  185   
645   1621  
1838  1266  
1621  39    
1562  1513  
1747  1250  
1770  624   
1967  1485  
311   337   
479   1789  
188   1833  
1106  606   
1376  1589  
1833  349   
1589  583   
349   41    
337   1208  
435   893   
1208  1132  
584   1968  
1305  556   
1968  832   
101   1691  
1036  368   
1691  87    
556   102   
183   1819  
102   1537  
1819  1719  
1537  675   
1719  936   
1719  1853  
1537  463   
1853  835   
390   376   
835   1428  
823   1757  
1429  1624  
1757  1785  
1757  1658  
1785  980   
1658  309   
1757  828   
309   77    
309   1906  
1066  224   
586   455   
1748  302   
367   33    
1590  1682  
33    66    
1612  523   
1230  1573  
1836  886   
1820  1846  
927   785   
1846  1792  
785   1479  
1792  301   
785   791   
301   1452  
791   389   
386   142   
302   1616  
386   1213  
1314  632   
1236  100   
632   1983  
100   1979  
648   1570  
350   283   
747   1222  
1336  1857  
136   1338  
1857  657   
526   44    
43    251   
762   1973  
448   541   
1484  1634  
550   1713  
448   1774  
1201  472   
955   1190  
448   1120  
1190  1784  
1190  326   
1784  1519  
1784  896   
472   888   
1120  1054  
896   1992  
1054  639   
510   111   
1528  794   
227   1697  
111   127   
1697  1878  
1793  1903  
1264  813   
95    333   
813   1039  
813   1605  
1288  853   
15    840   
865   443   
1496  538   
347   549   
1816  1071  
1428  1273  
86    1206  
853   288   
1206  858   
777   543   
1302  1481  
543   922   
543   751   
1942  317   
751   565   
1141  1949  
1535  1330  
450   1103  
1535  769   
53    1988  
769   1119  
1103  1815  
1119  1011  
521   671   
463   1191  
521   1894  
1221  1893  
1191  1703  
1893  646   
1703  37    
1191  222   
37    1475  
1649  1743  
1475  735   
1743  393   
735   749   
393   545   
735   1765  
92    1618  
1703  905   
1618  990   
1112  1755  
1441  952   
1755  1639  
1433  371   
670   1251  
894   1909  
1461  829   
491   912   
1978  582   
284   117   
582   476   
117   1507  
476   106   
532   1845  
548   475   
232   114   
232   1588  
475   668   
1588  1602  
668   1021  
1227  1760  
1021  404   
1919  815   
365   1913  
232   768   
232   1666  
1922  1233  
815   1396  
668   420   
1396  1146  
1832  341   
1146  1258  
341   1160  
341   406   
1160  105   
406   929   
105   110   
755   1870  
526   427   
61    650   
1197  838   
370   944   
838   1158  
1591  1511  
1158  1155  
1511  595   
1155  1157  
595   143   
595   1579  
143   1026  
1579  1028  
1579  46    
143   113   
370   622   
109   1936  
452   1547  
1936  1495  
991   575   
1495  377   
399   269   
1936  1753  
1152  1409  
965   1601  
714   1869  
893   1583  
1601  375   
1601  1223  
965   1381  
1223  197   
1381  1469  
197   753   
1381  1686  
1381  213   
535   1759  
883   1888  
1223  1179  
1469  262   
1342  392   
262   1622  
1733  1813  
1622  1721  
1813  748   
1721  331   
392   1199  
1813  1962  
1199  228   
500   67    
1606  1083  
67    1600  
1083  332   
67    770   
1646  614   
538   789   
907   1598  
1122  1307  
483   372   
1879  732   
835   58    
732   431   
884   1299  
1594  700   
920   702   
1247  895   
1797  722   
660   1079  
722   1738  
1079  1072  
13    866   
1908  1742  
866   1388  
1435  1947  
1489  862   
1947  786   
862   934   
786   554   
786   1354  
554   1088  
554   1450  
1088  1013  
1088  1615  
1013  254   
1615  184   
254   1392  
184   438   
1392  923   
438   343   
923   1002  
923   492   
184   1920  
492   187   
1354  1097  
862   741   
1775  795   
343   1347  
766   314   
836   953   
1810  1564  
953   174   
314   1413  
174   391   
8     214   
1352  1445  
214   1398  
391   1934  
713   1006  
953   1855  
953   506   
439   1704  
1154  423   
1704  644   
864   1705  
104   1380  
411   778   
1380  617   
778   971   
778   1127  
778   1405  
139   519   
1405  1698  
519   335   
1698  1226  
335   478   
519   1788  
1405  1064  
1788  1402  
1064  428   
1402  1497  
1402  1927  
1405  403   
1760  1182  
373   1863  
86    1268  
667   1933  
1268  958   
14    1673  
1367  1960  
566   665   
1053  1184  
665   199   
1184  525   
1184  908   
296   1959  
112   1487  
187   1327  
1487  168   
1487  1629  
1535  255   
1383  147   
682   1031  
1375  1567  
1629  571   
1031  467   
489   419   
467   356   
860   418   
356   280   
418   1926  
356   631   
79    806   
631   1750  
745   1599  
1150  219   
1599  1809  
68    1545  
1696  593   
1809  1935  
1599  587   
1599  774   
1541  1168  
1318  1243  
1168  1556  
1647  94    
412   1407  
152   551   
1750  1953  
1407  1825  
1953  717   
1825  1804  
897   956   
1108  588   
136   1506  
588   1956  
588   728   
1956  1438  
1953  1925  
956   1604  
366   272   
1478  1156  
205   1451  
1819  1389  
1451  155   
1451  369   
1156  202   
369   914   
1582  6     
914   517   
1839  1981  
517   480   
944   1921  
82    1378  
861   1542  
1378  235   
1542  415   
390   76    
861   1192  
253   1358  
367   508   
76    1224  
508   845   
508   129   
845   398   
845   1977  
398   270   
508   1490  
270   1328  
43    468   
1328  1670  
254   459   
43    637   
459   1707  
374   1795  
1707  1867  
1786  1042  
1867  658   
1042  1565  
1042  454   
435   1873  
454   34    
988   1455  
954   1331  
1156  1215  
587   707   
1451  145   
145   683   
165   122   
468   1976  
1107  1467  
112   1597  
1597  416   
1597  1033  
416   921   
1033  1310  
1748  1787  
1787  1014  
1987  802   
802   933   
1195  362   
530   1688  
1152  604   
604   1662  
1576  70    
1175  1971  
1971  625   
300   1094  
350   3     
1249  928   
1695  804   
804   1831  
1637  490   
61    906   
257   245   
1255  1311  
1430  424   
1950  1151  
1151  1057  
1901  970   
1152  1672  
1672  1294  
1900  1905  
473   986   
986   1767  
1076  1468  
95    384   
42    562   
562   1248  
1248  1296  
917   686   
1987  635   
294   1536  
1536  239   
1868  1739  
1959  1366  
1776  74    
1588  1105  
172   1462  
1462  1706  
1667  282   
618   627   
159   1454  
1810  116   
116   156   
1975  1957  
195   524   
1885  1456  
1456  892   
892   730   
340   1678  
195   559   
559   290   
752   484   
1787  1167  
1195  1963  
871   237   
1443  874   
1189  685   
685   328   
678   359   
359   812   
812   1016  
1016  171   
1849  723   
1242  1656  
1343  394   
1471  346   
358   904   
904   679   
1227  719   
177   360   
360   1377  
874   1059  
852   1914  
1807  244   
244   1131  
402   1349  
1349  1185  
1574  1414  
1242  1164  
1209  1052  
1267  1293  
1293  1892  
1293  1762  
1293  1084  
1466  342   
342   80    
1934  1736  
1561  1089  
1089  1553  
1553  1895  
817   561   
561   51    
1339  64    
1895  88    
765   822   
1050  221   
221   1295  
1007  1929  
1139  881   
1325  926   
1755  1169  
1169  579   
1487  997   
1517  1664  
552   533   
899   304   
877   1700  
765   1009  
1009  1229  
871   18    
1978  1709  
1173  950   
950   93    
93    1463  
1463  383   
773   1333  
1423  846   
1906  868   
868   1356  
1     1980  
1980  1217  
409   1261  
756   847   
999   764   
1534  946   
580   634   
984   1821  
1497  1424  
220   21    
1411  204   
221   973   
475   167   
83    974   
812   705   
0     638   
1726  1129  
129   1482  
1701  1142  
843   1543  
731   1457  
361   1932  
797   25    
209   1883  
1883  1128  
1128  1874  
1874  121   
1995  238   
238   354   
446   649   
649   16    
850   889   
889   1503  
1195  499   
1466  531   
1513  504   
1746  160   
1381  872   
918   1387  
1123  1512  
309   688   
518   879   
1115  507   
442   1498  
1498  1928  
138   303   
782   1790  
1790  1828  
763   841   
1818  695   
1415  1680  
1064  193   
1793  1614  
1107  477   
294   1360  
1702  1626  
639   1214  
1214  1991  
1204  1332  
626   324   
324   1432  
1902  1578  
1578  1865  
996   1842  
1865  663   
78    1758  
293   241   
447   217   
1645  536   
1259  1687  
726   310   
1595  1937  
1225  1186  
752   26    
697   1060  
1699  176   
206   316   
598   1419  
1655  898   
91    457   
1606  1805  
1883  563   
563   619   
8     1737  
1853  1800  
850   1527  
1527  1681  
1527  1386  
1681  628   
1527  474   
783   1985  
386   1019  
1420  1239  
1744  977   
451   449   
797   1966  
1966  581   
680   873   
469   151   
151   744   
1257  23    
966   1015  
1015  268   
68    1035  
1617  264   
935   1811  
1811  1082  
658   163   
286   1404  
1734  11    
966   998   
220   1080  
870   1474  
1379  137   
1954  1473  
1552  985   
168   1777  
922   128   
1464  1278  
1713  1348  
1348  1029  
1702  1297  
1504  1510  
1510  200   
1394  1827  
745   1741  
857   329   
329   1425  
901   1754  
1280  1916  
1067  978   
978   1941  
441   1005  
1650  1395  
767   1476  
621   488   
769   485   
1323  924   
370   1643  
689   792   
1536  1260  
1595  1997  
1611  1397  
485   613   
613   605   
605   1061  
605   1196  
1061  379   
1061  1147  
1147  1012  
1947  388   
578   325   
330   937   
843   807   
1264  234   
667   715   
1703  830   
1674  465   
1791  1138  
1034  1335  
351   1801  
1042  1779  
455   569   
415   1096  
178   32    
200   1069  
1361  1277  
1277  799   
1824  1994  
595   1109  
1109  313   
1109  976   
1576  1446  
464   1875  
1862  1763  
1978  408   
78    512   
528   833   
1227  1000  
1000  380   
1890  885   
567   1876  
734   1964  
1225  1341  
1265  677   
1341  444   
1101  611   
1501  1580  
1154  1269  
1523  1279  
1288  540   
631   1708  
1708  640   
1555  1364  
1364  1023  
1023  641   
1281  30    
30    248   
78    1253  
733   520   
110   662   
301   495   
297   1252  
351   1653  
715   292   
675   1943  
1423  1603  
321   664   
231   146   
882   1246  
1646  1211  
267   620   
724   503   
1660  1447  
340   407   
1807  1312  
760   577   
1448  210   
541   107   
1439  772   
529   913   
772   801   
14    1766  
126   1440  
1922  315   
1642  727   
727   1030  
1195  319   
1526  1771  
742   265   
1491  1372  
1348  798   
787   1632  
1178  266   
1860  948   
949   1334  
1659  758   
1280  1095  
1608  1043  
177   513   
1043  1271  
513   252   
1126  1408  
58    811   
552   157   
283   140   
157   1635  
1532  306   
940   1163  
1317  24    
1690  307   
1194  1898  
1690  816   
295   1986  
1986  1761  
43    1003  
405   56    
287   1999  
1999  1263  
1982  1274  
334   1399  
600   1421  
473   1313  
1313  1689  
242   338   
0     1940  
1140  1531  
552   1048  
120   630   
1775  355   
863   911   
1872  385   
1942  1220  
1239  1636  
1417  589   
1998  1830  
1359  240   
155   1864  
570   592   
797   1070  
1320  1899  
296   1549  
396   1826  
148   1654  
351   308   
1150  1245  
656   839   
1685  1745  
1173  699   
1270  708   
1382  1829  
Time Taken = 554 ms
