--> Generating graph with 2000 nodes and 199900 edges
--> Graph generated ...
Simple Scheme:
TotalCost = 12909
0     241   
0     122   
122   327   
122   1931  
1931  1370  
327   1783  
1783  1854  
1783  56    
1854  156   
156   620   
156   1753  
156   1863  
620   1997  
1997  668   
668   1255  
668   1892  
1892  628   
628   496   
496   90    
90    370   
90    1031  
370   205   
205   1422  
1422  299   
299   247   
247   728   
247   783   
728   454   
454   1790  
1790  26    
454   44    
44    19    
19    183   
19    792   
26    922   
620   1416  
1790  1916  
1916  40    
40    1879  
1916  979   
1931  648   
1370  856   
856   1304  
1304  997   
997   489   
489   529   
529   265   
265   1284  
489   1405  
997   853   
853   1590  
856   1069  
1069  1089  
856   1092  
628   1115  
1115  850   
792   1124  
1124  1248  
1248  1443  
1443  851   
1443  1565  
851   791   
1124  1483  
1483  245   
1483  337   
791   1106  
1106  790   
790   1181  
1181  500   
1181  760   
1181  365   
365   1231  
1231  1141  
1141  17    
17    134   
500   451   
134   569   
569   1335  
1335  96    
96    1398  
1398  879   
879   114   
114   1122  
96    163   
114   316   
879   576   
576   1907  
1907  990   
990   507   
1907  614   
614   975   
975   673   
990   1938  
1938  1054  
316   602   
602   630   
1938  4     
630   593   
975   632   
630   1118  
1118  854   
1118  1500  
1118  200   
163   1620  
569   755   
1122  910   
910   97    
910   898   
760   938   
938   1172  
1172  1160  
1160  701   
701   923   
614   1750  
316   1786  
1786  198   
198   1162  
1162  1139  
1786  1887  
1139  202   
202   1919  
1919  1056  
1056  1903  
1919  1524  
1524  69    
1903  880   
1162  1666  
1666  906   
1160  77    
77    1714  
1714  1662  
1662  1275  
1662  497   
497   384   
497   1014  
202   169   
1750  221   
221   1623  
1623  723   
221   1606  
569   339   
339   364   
364   758   
364   1961  
1907  394   
1181  613   
451   709   
879   859   
859   658   
658   940   
859   282   
658   1300  
940   141   
940   567   
1300  267   
267   1650  
940   353   
567   809   
316   915   
915   1132  
1132  1337  
1337  1761  
1761  59    
1761  74    
74    51    
59    750   
59    1451  
1337  732   
732   1932  
1337  192   
192   805   
805   43    
192   1652  
192   1849  
1849  333   
333   105   
105   937   
805   1966  
51    346   
346   1197  
346   438   
438   369   
369   412   
438   950   
438   1743  
1743  187   
438   1940  
1940  1346  
1940  1510  
346   727   
727   577   
1940  391   
438   445   
445   1196  
950   1624  
1624  37    
37    936   
1624  387   
387   1050  
387   1847  
1847  651   
651   1332  
950   414   
414   242   
242   590   
590   1860  
1860  99    
590   1453  
1860  1711  
1860  605   
1711  655   
655   234   
234   1150  
234   953   
953   54    
1860  799   
605   1380  
1380  249   
249   1045  
54    1687  
605   1851  
1380  179   
179   644   
644   1285  
605   574   
574   753   
387   600   
179   631   
953   1021  
1021  106   
106   1043  
805   1076  
1076  418   
418   215   
215   1412  
418   1388  
418   1464  
1021  1541  
631   1569  
1569  255   
255   1229  
1229  817   
1569  575   
575   1018  
575   1144  
1144  705   
1144  1240  
1240  220   
220   479   
479   240   
240   992   
992   1149  
1149  66    
66    1770  
66    1376  
1149  517   
705   674   
674   603   
603   1311  
674   881   
603   332   
332   893   
332   961   
893   1241  
1241  1167  
1167  678   
603   1093  
1093  1520  
1520  1428  
1093  226   
226   1731  
1731  232   
232   78    
78    1116  
1116  505   
505   1385  
78    217   
1428  336   
336   1212  
1212  1609  
1609  1456  
881   1701  
1701  1511  
1511  67    
67    1322  
1322  317   
1322  919   
919   869   
869   836   
332   1787  
1787  409   
1093  693   
517   955   
78    1052  
1052  1979  
1979  41    
41    708   
41    349   
708   911   
1052  1984  
1984  1023  
349   152   
349   748   
748   27    
1687  1584  
1584  972   
1584  1545  
1545  330   
600   1619  
1619  535   
215   1664  
1144  1685  
1685  89    
1685  372   
372   1228  
232   1694  
600   1708  
479   1757  
1757  1435  
1197  1765  
1765  295   
295   969   
969   16    
16    439   
16    49    
16    694   
694   1890  
1890  272   
272   1432  
1890  222   
49    1968  
1968  1187  
49    45    
1187  562   
222   1107  
1968  1476  
1476  706   
1050  1772  
1772  319   
319   544   
544   423   
423   615   
319   1603  
1603  1272  
615   1752  
615   155   
155   1536  
1536  1257  
1536  506   
506   1488  
506   981   
155   362   
362   1270  
155   579   
319   1282  
1569  1826  
1826  690   
1052  1861  
1861  1604  
1861  1084  
1604  1821  
242   1905  
234   1957  
1957  864   
1979  10    
544   50    
799   82    
82    459   
1861  147   
1731  177   
981   182   
182   326   
215   381   
381   702   
702   1911  
479   448   
43    470   
470   229   
229   868   
229   473   
868   531   
229   720   
693   539   
539   1263  
1263  1700  
1700  1109  
1700  1472  
1472  652   
1472  1369  
539   663   
663   61    
663   542   
542   1537  
1369  393   
393   2     
1911  570   
570   416   
416   1823  
1823  1941  
1941  1992  
1941  921   
1992  1088  
1992  1952  
1952  305   
1088  1320  
1952  117   
117   209   
117   1295  
1295  772   
772   407   
117   1071  
209   1430  
772   1514  
1295  1038  
407   1384  
1430  1926  
1536  633   
633   1269  
1269  621   
621   1460  
1460  592   
621   1864  
1269  1891  
592   130   
130   194   
1864  774   
1864  1183  
1864  558   
774   1458  
1458  13    
13    634   
13    747   
747   238   
1458  376   
747   1602  
1187  653   
1752  664   
1116  714   
1940  737   
376   738   
1847  901   
901   35    
35    1889  
1332  930   
1150  964   
964   902   
902   1177  
438   1022  
772   1098  
655   1121  
1121  164   
1121  520   
520   227   
227   276   
227   207   
1109  1143  
1143  1684  
1335  1166  
1166  819   
1166  1625  
1056  1185  
1753  1210  
1210  1734  
1734  1266  
1266  713   
713   1327  
713   123   
123   1329  
123   639   
639   98    
1266  528   
639   132   
98    400   
132   700   
700   1174  
528   835   
835   1003  
1003  382   
382   1338  
1338  1502  
1338  1691  
700   1026  
164   1288  
1288  300   
300   1008  
300   754   
1385  1307  
1307  1155  
1307  243   
243   1361  
1361  677   
1361  866   
243   1324  
1752  1348  
760   1352  
1352  368   
368   436   
1352  946   
368   764   
368   1404  
99    1410  
1410  444   
1410  1289  
1410  403   
215   1501  
1501  1549  
1549  1067  
1501  1820  
1820  1277  
1277  1525  
1525  1803  
1820  395   
1346  1535  
817   1553  
1553  1546  
1118  1595  
1957  1608  
1608  1411  
1411  1073  
1073  1146  
1146  1007  
1007  661   
661   1809  
661   1554  
1007  431   
1146  472   
472   1243  
1007  1298  
27    1614  
1614  1359  
1359  1665  
1665  924   
1614  1138  
1665  1452  
1452  839   
67    1631  
1631  1316  
1316  1517  
316   1669  
1669  340   
340   654   
654   373   
340   775   
775   849   
1669  818   
654   1280  
1280  262   
262   1392  
1392  995   
1669  1612  
1612  1668  
654   957   
818   1339  
791   1699  
1699  1305  
1699  63    
63    314   
106   1703  
1703  491   
491   769   
1703  1097  
570   1732  
336   1773  
694   1784  
1889  1799  
1799  18    
1665  1866  
677   1878  
621   1910  
1910  1208  
1910  1015  
1015  949   
949   462   
462   1647  
1910  546   
1910  1766  
728   1912  
1912  288   
288   1722  
288   495   
288   1675  
470   1918  
1918  1632  
1632  1715  
1014  1934  
1934  785   
785   1360  
1360  1815  
764   1937  
772   1948  
1298  1965  
1150  1967  
1967  1439  
1439  1319  
1319  1086  
1319  1677  
1677  1013  
1013  385   
1056  1969  
1969  781   
781   310   
781   124   
124   1558  
781   1985  
1985  918   
918   1561  
124   93    
93    161   
124   1646  
1646  34    
34    1065  
1065  669   
1646  325   
325   871   
1646  941   
941   808   
1985  1697  
808   1862  
1558  181   
1558  1180  
161   1964  
918   962   
962   684   
962   1313  
1313  216   
216   1667  
216   1850  
684   675   
675   1024  
1024  1148  
216   210   
1180  1325  
1325  1034  
1850  1645  
930   52    
52    88    
88    1068  
1288  55    
55    73    
73    761   
761   660   
238   70    
418   72    
72    588   
588   1921  
1921  1169  
72    1293  
1293  354   
354   954   
354   1095  
588   1795  
27    75    
75    606   
1799  100   
1014  167   
167   1362  
1362  1213  
1362  1762  
1762  1233  
1362  1936  
1911  176   
176   1028  
1028  465   
1028  1802  
176   469   
1632  186   
186   1061  
1451  190   
190   1250  
491   259   
723   270   
270   1975  
270   1707  
1707  212   
1707  1904  
1904  453   
346   277   
277   1033  
558   291   
291   1495  
215   303   
90    355   
669   428   
428   1692  
714   467   
869   474   
70    492   
492   1450  
1450  875   
1450  60    
1450  112   
758   502   
132   514   
1033  521   
1965  541   
541   307   
541   827   
307   892   
541   788   
788   777   
777   1099  
1099  1222  
1222  127   
127   1816  
1222  780   
541   1490  
1490  968   
968   611   
611   840   
840   298   
298   1261  
1261  798   
298   402   
402   1254  
1254  1290  
1290  1716  
1716  1480  
1480  284   
284   1315  
284   308   
1480  855   
1254  751   
308   1343  
1343  757   
968   1364  
1364  1806  
1806  530   
530   589   
968   1597  
1597  1091  
751   1763  
298   1876  
1876  1868  
1261  466   
466   23    
23    84    
23    48    
466   320   
320   1374  
1374  513   
48    1689  
1689  867   
1689  233   
1604  596   
1472  597   
319   627   
627   219   
219   457   
457   1616  
1616  916   
916   1676  
1676  1527  
1527  1807  
1807  1980  
1980  844   
1527  942   
942   1058  
1058  1695  
1527  201   
916   446   
1980  1237  
1616  1745  
1745  1131  
1745  343   
1745  1778  
1778  1656  
343   1742  
343   1413  
1131  281   
343   456   
456   1262  
1262  290   
290   515   
515   260   
290   1044  
1044  1253  
1253  847   
1044  1825  
1825  894   
1825  804   
290   1733  
1733  1516  
1516  1179  
456   168   
854   640   
714   698   
738   707   
707   1135  
1135  1779  
1135  1260  
1779  637   
637   166   
851   724   
724   1792  
1602  762   
762   935   
949   767   
767   1419  
652   776   
776   1417  
1417  1190  
1985  797   
797   1570  
544   816   
394   852   
1038  907   
1910  929   
166   943   
1964  1000  
875   1005  
13    1049  
1049  538   
538   608   
852   1063  
1063  1244  
1743  1070  
1070  1760  
1760  1142  
1760  984   
1760  289   
289   1211  
1211  629   
629   1358  
1358  1258  
1374  1078  
1078  430   
1078  1314  
1078  1457  
1457  909   
909   1046  
909   1882  
1882  390   
1882  1857  
1882  1354  
909   1978  
1046  563   
1457  1048  
869   1094  
1094  1586  
1586  527   
1586  1466  
1466  1872  
1466  1090  
1090  523   
527   1474  
1474  482   
482   1128  
1128  1827  
482   787   
1128  237   
1094  1110  
482   616   
616   1672  
1128  782   
782   38    
38    887   
887   789   
789   876   
876   963   
963   1956  
1956  287   
963   269   
887   1507  
789   1924  
1924  554   
1924  279   
1924  945   
945   145   
1094  860   
860   1153  
1153  645   
38    1079  
1079  363   
363   1283  
279   1268  
1474  1403  
1403  1062  
1062  139   
139   1660  
1660  1200  
1403  1433  
1433  560   
560   427   
560   335   
427   568   
568   813   
813   1651  
1924  1831  
1153  1874  
1874  1512  
1466  586   
482   803   
287   1036  
1036  952   
952   899   
813   1059  
26    1159  
854   1164  
1164  1219  
1219  115   
1219  778   
778   1880  
1219  397   
397   1004  
1004  1074  
1004  1852  
1219  1082  
1004  1540  
1004  1568  
1311  1191  
1685  1203  
1203  960   
960   250   
446   1214  
1214  1922  
90    1225  
1561  1238  
663   1274  
816   1310  
1310  1105  
628   1355  
1919  1357  
1316  1420  
644   1425  
586   1426  
1419  1454  
606   1462  
1210  1463  
1463  1690  
938   1477  
1477  1431  
1431  504   
1477  740   
740   268   
268   870   
268   1958  
1958  1885  
1073  1491  
1517  1505  
530   1513  
972   1515  
1515  71    
71    1796  
1796  1368  
1368  643   
1872  1552  
620   1559  
1153  1567  
1567  993   
1567  1579  
1579  1811  
993   422   
422   1859  
993   1303  
1303  101   
997   1580  
1150  1581  
1581  7     
7     815   
815   275   
275   1923  
815   1771  
7     1518  
1518  828   
828   1010  
275   1308  
1308  1759  
275   150   
1771  685   
1026  1599  
1586  1635  
785   1659  
1659  601   
601   191   
191   1900  
732   1671  
1177  1686  
1050  1723  
1723  174   
174   980   
1923  1739  
1739  1273  
1273  1813  
363   1744  
1744  742   
597   1748  
1748  91    
91    1654  
495   1754  
1549  1758  
1758  1764  
276   1781  
1762  1789  
179   1822  
1106  1836  
1836  977   
977   811   
811   1996  
1996  405   
1996  1415  
405   618   
945   1841  
1841  1506  
640   1845  
1311  1873  
621   1881  
579   1906  
446   1977  
1687  1994  
1410  102   
102   1945  
1945  624   
1945  1436  
1166  110   
110   1571  
621   126   
126   1001  
1026  128   
1089  135   
1172  140   
811   159   
444   188   
188   841   
1748  196   
132   257   
106   261   
261   522   
261   1713  
1713  1386  
261   475   
475   1171  
475   306   
306   823   
306   6     
6     1679  
1744  297   
1255  334   
1766  348   
348   1611  
1435  360   
360   302   
360   1583  
1583  1542  
1542  1834  
1542  185   
1542  29    
29    642   
1089  378   
378   1943  
879   380   
787   392   
392   825   
825   87    
87    609   
346   410   
410   933   
410   1101  
1101  280   
280   873   
1101  1636  
1636  1638  
1101  1698  
1698  1278  
410   1402  
1402  1655  
933   383   
383   1009  
1698  1075  
410   57    
57    810   
810   142   
57    1006  
1101  432   
432   1560  
1009  1959  
1959  1039  
1039  511   
511   1727  
1727  463   
1727  366   
1039  488   
1959  1618  
1039  1401  
1959  1493  
1039  1729  
1636  213   
40    452   
452   877   
877   1053  
452   25    
713   478   
478   1281  
478   429   
1579  484   
497   498   
498   1721  
1721  1220  
1721  1946  
1946  951   
951   1839  
1839  1151  
1151  1119  
1119  1933  
1839  1446  
1119  1494  
1494  1002  
1446  160   
160   468   
468   311   
468   646   
646   1252  
1946  834   
1494  1563  
1563  759   
759   1204  
1563  151   
151   883   
151   1140  
151   1592  
1252  283   
554   526   
1567  536   
1579  561   
561   1774  
1774  1378  
1378  1447  
1494  564   
564   1041  
1041  1955  
48    565   
565   503   
503   903   
503   1100  
903   1818  
903   1081  
903   1883  
1883  886   
886   424   
424   587   
587   189   
424   704   
704   729   
704   1251  
1325  578   
145   622   
767   626   
626   278   
278   15    
15    885   
885   1605  
1605  1399  
1399  1877  
1877  971   
1877  715   
715   251   
251   1382  
251   932   
932   1341  
1341  703   
703   1544  
1544  736   
736   1035  
971   889   
889   1182  
1877  1901  
1035  264   
560   636   
636   31    
636   1550  
636   1681  
31    861   
1690  638   
1882  641   
1676  659   
659   294   
659   1712  
1712  312   
312   1562  
1712  347   
347   1976  
347   1793  
1976  1829  
1514  662   
240   666   
469   670   
670   966   
670   989   
459   672   
942   680   
1106  683   
683   1920  
755   687   
687   1134  
1134  367   
4     699   
1786  749   
749   1983  
749   274   
1463  756   
989   771   
308   794   
1937  802   
802   585   
1278  814   
1413  822   
822   184   
1552  838   
838   1724  
1724  1344  
1071  863   
863   14    
1560  884   
1535  927   
924   956   
319   976   
976   888   
805   983   
835   1016  
1850  1042  
1273  1057  
1402  1077  
1077  692   
1325  1103  
305   1104  
1104  1705  
1705  1055  
1705  118   
1055  172   
118   228   
228   806   
1104  313   
806   896   
896   1387  
492   1126  
1126  1037  
950   1224  
283   1226  
1226  111   
693   1265  
1881  1271  
1091  1286  
593   1306  
885   1317  
1412  1377  
1377  746   
746   318   
318   904   
904   1137  
1137  1909  
724   1395  
1395  895   
1016  1396  
1396  1356  
1356  1702  
1702  1925  
1789  1427  
240   1434  
1434  1593  
1434  344   
344   509   
732   1475  
1213  1485  
71    1496  
1496  1309  
1309  224   
1554  1499  
631   1503  
1380  1530  
418   1539  
303   1564  
1564  518   
484   1577  
1577  1408  
1021  1582  
1041  1598  
1598  81    
1106  1607  
1607  11    
1607  547   
402   1622  
596   1629  
1100  1649  
181   1663  
578   1680  
1680  199   
199   1294  
199   258   
258   345   
1680  331   
331   739   
1416  1777  
586   1797  
1797  1749  
1749  1991  
1991  878   
878   900   
900   598   
1749  244   
244   1986  
1537  1828  
713   1855  
1855  726   
528   1870  
774   1951  
1831  1953  
1953  1264  
1953  248   
772   1954  
1954  1175  
1175  1683  
980   1982  
1623  1989  
522   1995  
940   33    
33    1627  
444   62    
424   68    
68    1533  
819   86    
1847  103   
561   113   
113   1245  
113   1543  
88    137   
168   206   
206   858   
1700  211   
211   1895  
1895  730   
1895  1471  
1107  253   
253   1011  
1013  304   
701   352   
1936  361   
361   1336  
1355  426   
426   994   
426   1020  
426   897   
1564  464   
1258  485   
1540  486   
486   1949  
1949  1318  
1533  510   
510   180   
576   524   
73    537   
40    550   
550   1522  
754   551   
1879  580   
580   1833  
951   583   
583   175   
1991  584   
1540  612   
612   829   
270   665   
93    671   
966   679   
469   711   
711   1643  
209   733   
733   566   
935   743   
743   28    
28    1279  
1279  94    
94    1519  
28    1206  
1595  793   
793   958   
1887  795   
795   1596  
1596  920   
795   425   
425   225   
225   1551  
1551  1521  
1521  379   
425   1123  
1123  1342  
1342  386   
1374  820   
820   1902  
1902  1798  
820   1927  
1798  449   
449   450   
1927  1030  
1030  581   
1919  845   
1183  874   
1279  928   
928   1192  
1222  1017  
653   1027  
1027  1481  
1027  1658  
945   1029  
563   1032  
1457  1060  
1677  1087  
418   1117  
1091  1145  
1145  443   
1937  1154  
1154  1040  
1040  1898  
1040  965   
965   458   
458   375   
458   599   
599   1312  
1312  1157  
1157  1840  
103   1173  
1124  1186  
360   1207  
1207  525   
525   1589  
525   1696  
1666  1227  
1227  1437  
1872  1242  
96    1249  
1249  800   
729   1256  
1949  1299  
1299  315   
723   1323  
464   1350  
1350  351   
1350  1939  
391   1365  
1365  553   
262   1375  
1375  1176  
1176  1929  
1929  649   
649   765   
189   1409  
1409  722   
1977  1414  
1414  371   
371   421   
874   1421  
1421  109   
421   1461  
1244  1469  
50    1470  
379   1508  
1508  1389  
1508  1835  
1835  1066  
1389  999   
278   1556  
1556  285   
1556  944   
285   437   
1116  1630  
1630  1455  
1350  1640  
550   1688  
1688  1538  
606   1719  
1054  1726  
354   1728  
179   1741  
692   1794  
1398  1804  
1804  695   
509   1858  
1903  1894  
306   1942  
576   1987  
1987  1531  
314   1990  
1990  396   
396   1576  
396   477   
1990  1837  
1640  1     
1106  24    
1567  32    
32    1120  
1120  149   
149   1114  
1120  1800  
634   53    
113   79    
844   119   
853   121   
526   138   
138   92    
816   148   
432   158   
1030  195   
611   197   
197   1367  
197   39    
39    1246  
1246  610   
1246  1899  
1246  1867  
1867  154   
1867  925   
154   752   
1899  719   
1246  338   
28    203   
203   1379  
15    236   
236   1634  
1137  271   
1037  377   
1035  388   
388   1195  
1306  404   
451   442   
699   471   
1037  476   
1460  493   
1222  499   
499   1161  
840   508   
1750  543   
543   1019  
722   555   
1457  595   
595   171   
171   328   
171   1547  
1547  1747  
1747  676   
676   1230  
328   131   
131   1239  
1239  1884  
1239  552   
171   1152  
167   635   
600   657   
1968  686   
686   1393  
35    691   
691   1637  
1745  721   
721   1572  
1572  1532  
1829  731   
1382  744   
327   773   
773   389   
888   784   
784   967   
1398  807   
234   872   
872   1215  
1215  235   
349   914   
914   173   
173   1993  
1939  986   
986   193   
193   716   
1826  996   
966   1047  
463   1096  
1483  1102  
332   1133  
1133  1830  
804   1163  
1813  1170  
498   1188  
1188  991   
567   1205  
452   1247  
1247  1785  
1188  1302  
1182  1328  
1328  1717  
1717  572   
1328  1484  
1484  1782  
452   1340  
1340  263   
164   1345  
1131  1349  
621   1366  
1658  1373  
1373  1846  
1954  1406  
1406  1832  
776   1429  
701   1442  
1442  1896  
1442  359   
392   1449  
1449  982   
421   1465  
1465  1780  
1412  1467  
1467  9     
1467  1397  
1685  1487  
1487  948   
948   1217  
1487  1127  
948   1276  
1835  1489  
409   1528  
1528  104   
1528  1843  
138   1591  
1620  1617  
1907  1628  
1431  1633  
1745  1644  
1644  323   
1685  1670  
1670  1908  
1908  1418  
1472  1740  
1740  1950  
1724  1814  
1179  1844  
1844  434   
1447  1856  
1856  582   
1335  1875  
1211  1886  
40    1928  
340   1944  
1454  1947  
452   1971  
174   1973  
1056  1988  
1180  3     
889   22    
1728  58    
755   95    
403   133   
133   604   
103   157   
157   1621  
277   321   
653   356   
264   401   
167   411   
1629  480   
478   483   
1417  494   
494   801   
958   557   
557   1704  
1856  573   
536   591   
53    681   
1556  689   
521   696   
696   1236  
1385  712   
431   725   
725   165   
1177  796   
396   821   
1496  826   
19    891   
891   1674  
257   926   
1243  973   
973   1642  
1642  1108  
973   341   
1096  978   
957   998   
494   1012  
1012  549   
778   1085  
111   1156  
1780  1193  
1742  1194  
1506  1218  
760   1259  
1496  1296  
1546  1400  
1400  80    
1400  939   
1892  1424  
1595  1440  
640   1445  
249   1557  
1557  170   
981   1573  
1573  1497  
922   1585  
1585  1438  
1585  1504  
1481  1610  
1610  1381  
486   1657  
1023  1673  
1557  1706  
114   1735  
1155  1738  
1738  1574  
1574  36    
1729  1746  
1746  1523  
764   1788  
55    1808  
1483  1810  
114   1824  
1049  1838  
524   1842  
849   1893  
1893  763   
1670  1935  
156   30    
1590  42    
28    85    
1708  108   
108   296   
296   905   
905   735   
108   1756  
1756  1972  
1059  120   
1068  129   
1277  208   
10    223   
482   231   
340   254   
332   329   
621   342   
373   447   
186   461   
1637  487   
180   548   
548   435   
1466  623   
1957  770   
1572  824   
906   833   
754   837   
1845  857   
1403  862   
1251  931   
978   947   
1965  1072  
1072  656   
520   1080  
1080  1125  
313   1130  
881   1292  
1121  1391  
1391  559   
559   1184  
559   1334  
1391  1223  
112   1526  
308   1566  
1566  545   
1433  1615  
1615  1548  
593   1682  
855   1737  
1737  1999  
900   1767  
1767  136   
1767  890   
951   1897  
626   1913  
649   1974  
1214  1998  
155   21    
1153  107   
471   218   
218   65    
215   252   
868   256   
256   1661  
256   1202  
1244  399   
265   406   
406   1791  
316   413   
1946  415   
1046  419   
596   433   
1145  501   
1099  512   
802   516   
106   532   
1313  533   
105   534   
1632  617   
687   625   
679   688   
328   734   
839   741   
741   143   
1995  812   
812   1326  
1462  842   
853   848   
1091  1025  
1620  1147  
472   1165  
589   1198  
1198  908   
877   1199  
1199  988   
966   1444  
1499  1468  
1468  1600  
701   1479  
360   1498  
402   1534  
1618  1709  
1397  1853  
1713  1869  
634   1917  
683   5     
1472  47    
641   162   
1061  230   
1753  266   
383   357   
880   358   
1977  374   
1166  490   
386   540   
654   571   
571   178   
363   594   
687   766   
1369  830   
687   832   
832   1871  
343   882   
170   934   
616   970   
1652  985   
1835  1113  
1452  1168  
1130  1189  
1189  1407  
1407  125   
1189  301   
1884  1235  
645   1267  
274   1330  
1     1351  
849   1626  
1973  1720  
1720  710   
98    1725  
1879  1776  
1140  1981  
1300  144   
318   204   
489   309   
255   440   
863   619   
1804  1234  
1234  913   
1234  682   
682   350   
682   1347  
1057  1301  
1301  1641  
1781  1363  
1600  1372  
124   1459  
1842  1482  
579   1575  
405   1587  
1252  1613  
1692  1710  
604   1963  
25    146   
691   293   
1617  324   
524   441   
441   1486  
1486  1639  
1639  1588  
1258  519   
1634  607   
216   831   
1276  1136  
1136  1209  
919   1178  
1618  1383  
23    1555  
731   1594  
1002  1730  
1326  1751  
1751  1423  
1967  1768  
1184  1848  
1848  1865  
1464  1915  
178   286   
88    647   
1280  650   
1546  768   
658   1051  
1051  1064  
1004  1221  
956   1333  
1339  1353  
1100  1390  
785   1529  
1101  1601  
1601  273   
736   1812  
1807  1817  
1345  20    
210   46    
1165  76    
535   83    
83    718   
1003  116   
630   417   
498   420   
428   1129  
1129  667   
1129  556   
667   1448  
502   1232  
1232  697   
323   1819  
1704  1914  
1914  1930  
1583  8     
8     1578  
856   12    
1209  455   
455   1492  
1472  717   
1451  987   
216   1216  
1216  843   
1793  1441  
1199  1678  
1692  153   
582   959   
564   1112  
1355  1158  
1158  246   
361   1291  
1586  1473  
1313  1775  
748   214   
640   865   
865   1331  
148   917   
1564  974   
1468  1201  
1201  1371  
1675  1297  
717   1509  
340   1653  
1431  408   
1551  745   
1493  1287  
1715  1801  
431   239   
1217  322   
572   779   
270   846   
873   1736  
1497  1962  
1543  1970  
1708  460   
1463  1083  
1594  1394  
1436  1478  
1437  1769  
1975  292   
1656  398   
1778  912   
1057  1111  
1171  64    
752   786   
715   1693  
1012  1718  
285   1805  
1996  1888  
1831  1321  
1793  1648  
1857  1755  
241   1960  
524   481   
Time Taken = 97 ms
Fibonacci Scheme:
TotalCost = 12909
0     241   
0     122   
122   327   
122   1931  
1931  1370  
327   1783  
1783  1854  
1783  56    
1854  156   
156   620   
156   1863  
156   1753  
620   1997  
1997  668   
668   1892  
1892  628   
668   1255  
628   496   
496   90    
90    1031  
90    370   
370   205   
205   1422  
620   1416  
1422  299   
299   247   
247   728   
247   783   
728   454   
454   1790  
1790  26    
454   44    
44    19    
19    183   
19    792   
1790  1916  
1916  40    
40    1879  
1916  979   
26    922   
1370  856   
856   1304  
1304  997   
997   489   
489   1405  
489   529   
529   265   
265   1284  
997   853   
853   1590  
1753  1210  
1210  1734  
1734  1266  
1266  713   
713   1327  
713   123   
123   1329  
123   639   
1266  528   
639   98    
639   132   
98    400   
528   835   
835   1003  
1003  382   
382   1338  
1338  1502  
1338  1691  
856   1069  
1069  1089  
856   1092  
628   1115  
1115  850   
792   1124  
1124  1248  
1248  1443  
1443  1565  
1443  851   
1124  1483  
1483  245   
1483  337   
851   791   
1931  648   
791   1699  
1699  1305  
791   1106  
1106  790   
1699  63    
63    314   
790   1181  
1181  760   
1181  500   
1181  365   
365   1231  
1231  1141  
1141  17    
17    134   
500   451   
134   569   
569   1335  
1335  96    
96    1398  
1398  879   
96    163   
879   114   
114   1122  
114   316   
879   576   
576   1907  
1907  990   
990   507   
1907  614   
614   975   
990   1938  
975   673   
1938  1054  
316   602   
602   630   
1938  4     
630   1118  
1118  854   
1118  1500  
1118  200   
975   632   
630   593   
163   1620  
1122  910   
910   97    
910   898   
316   1786  
1786  198   
1786  1887  
198   1162  
1162  1139  
1162  1666  
1666  906   
1139  202   
202   1919  
1919  1056  
1056  1903  
1919  1524  
1524  69    
1903  880   
614   1750  
569   755   
760   938   
938   1172  
1172  1160  
1160  701   
701   923   
1160  77    
77    1714  
1714  1662  
1662  1275  
1662  497   
497   384   
497   1014  
1750  221   
221   1623  
1623  723   
221   1606  
1014  1934  
760   1352  
1352  368   
368   436   
1352  946   
368   764   
368   1404  
764   1937  
132   700   
700   1174  
700   1026  
1056  1969  
1969  781   
781   310   
781   124   
781   1985  
124   1558  
1985  918   
918   1561  
124   93    
124   1646  
93    161   
1646  941   
941   808   
1646  34    
34    1065  
1065  669   
808   1862  
1985  1697  
1646  325   
325   871   
1558  1180  
161   1964  
1558  181   
1180  1325  
1325  1034  
918   962   
962   684   
962   1313  
1313  216   
216   1850  
216   1667  
684   675   
675   1024  
1024  1148  
216   210   
1850  1645  
1118  1595  
1934  785   
785   1360  
728   1912  
1912  288   
288   1722  
288   495   
288   1675  
1360  1815  
451   709   
1056  1185  
202   169   
4     1257  
1257  1536  
1536  155   
1536  506   
506   1488  
506   981   
155   615   
615   1752  
615   423   
423   544   
544   319   
319   1603  
1603  1272  
319   1772  
319   1282  
1772  1050  
1050  387   
387   1847  
1847  651   
651   1332  
387   1624  
1624  37    
37    936   
1624  950   
950   438   
438   1743  
1743  187   
438   369   
438   1940  
369   412   
1940  1510  
1940  1346  
438   346   
346   1197  
346   727   
727   577   
1940  391   
438   445   
445   1196  
346   51    
51    74    
74    1761  
1761  59    
1761  1337  
1337  1132  
59    750   
59    1451  
1337  732   
732   1932  
1337  192   
192   805   
192   1849  
1849  333   
805   43    
333   105   
105   937   
192   1652  
805   1966  
805   1076  
1076  418   
418   1388  
418   215   
215   1412  
215   1664  
418   1464  
1197  1765  
1765  295   
950   414   
414   242   
295   969   
969   16    
16    439   
16    694   
694   1890  
1890  272   
272   1432  
16    49    
1890  222   
49    1968  
1968  1187  
49    45    
1187  562   
1968  1476  
242   1905  
242   590   
590   1860  
1860  99    
1860  1711  
590   1453  
1711  655   
1860  605   
655   234   
234   1150  
234   953   
953   54    
605   1851  
54    1687  
605   1380  
1380  249   
249   1045  
1860  799   
1687  1584  
1584  972   
1584  1545  
1545  330   
605   574   
574   753   
234   1957  
1957  864   
1380  179   
179   644   
644   1285  
179   631   
155   362   
362   1270  
631   1569  
1569  255   
255   1229  
1229  817   
1569  575   
575   1018  
575   1144  
1144  705   
1144  1240  
705   674   
674   603   
603   1311  
674   881   
603   332   
332   893   
332   961   
893   1241  
1241  1167  
1167  678   
332   1787  
881   1701  
1701  1511  
1511  67    
67    1322  
1322  317   
1322  919   
919   869   
869   836   
1787  409   
603   1093  
1093  1520  
1520  1428  
1093  226   
226   1731  
1731  232   
1428  336   
336   1212  
1212  1609  
1609  1456  
232   78    
78    1116  
1116  505   
505   1385  
78    217   
78    1052  
1052  1979  
1052  1984  
1984  1023  
1979  41    
41    708   
41    349   
708   911   
349   152   
349   748   
1052  1861  
1861  1604  
1861  1084  
1604  1821  
748   27    
232   1694  
1476  706   
953   1021  
1021  106   
106   1043  
1021  1541  
387   600   
155   579   
600   1708  
600   1619  
1619  535   
1093  693   
222   1107  
1144  1685  
1685  89    
1685  372   
372   1228  
1569  1826  
1826  690   
1240  220   
220   479   
479   240   
240   992   
992   1149  
1149  66    
66    1770  
66    1376  
1149  517   
479   1757  
1757  1435  
517   955   
1376  702   
702   381   
702   1911  
479   448   
1911  570   
570   416   
416   1823  
1823  1941  
1941  1992  
1941  921   
1992  1088  
1992  1952  
1952  305   
1088  1320  
1952  117   
117   209   
117   1295  
1295  772   
772   407   
772   1514  
209   1430  
117   1071  
1295  1038  
407   1384  
1430  1926  
772   1948  
772   1098  
570   1732  
43    470   
470   229   
229   868   
229   473   
868   531   
229   720   
470   1918  
1918  1632  
1847  901   
901   35    
35    1889  
1632  1715  
1889  1799  
1799  18    
67    1631  
1631  1316  
1316  1517  
215   1501  
1501  1549  
1549  1067  
1501  1820  
1820  1277  
1277  1525  
1525  1803  
1820  395   
1181  613   
1150  1967  
1967  1439  
1439  1319  
1319  1086  
1319  1677  
1677  1013  
1013  385   
1957  1608  
1608  1411  
1411  1073  
1073  1146  
1146  1007  
1007  661   
661   1809  
661   1554  
1007  431   
1007  1298  
1146  472   
472   1243  
1298  1965  
99    1410  
1410  444   
1410  1289  
1410  403   
879   859   
859   658   
658   940   
658   1300  
859   282   
940   141   
940   567   
940   353   
567   809   
1300  267   
267   1650  
316   1669  
1669  340   
340   654   
340   775   
775   849   
654   373   
654   1280  
1669  818   
1669  1612  
1612  1668  
1280  262   
262   1392  
1392  995   
1940  737   
1346  1535  
818   1339  
654   957   
569   339   
1907  394   
339   364   
364   1961  
364   758   
1752  664   
1752  1348  
1335  1166  
1166  819   
1166  1625  
981   182   
182   326   
1536  633   
633   1269  
1269  1891  
1269  621   
621   1460  
1460  592   
621   1864  
592   130   
130   194   
1864  1183  
1864  774   
1864  558   
774   1458  
1458  13    
13    747   
13    634   
747   238   
1458  376   
747   1602  
376   738   
621   1910  
1910  1208  
1910  1015  
1015  949   
1910  1766  
949   462   
462   1647  
1910  546   
655   1121  
1121  164   
1121  520   
1979  10    
520   227   
227   276   
227   207   
164   1288  
1288  300   
300   1008  
300   754   
1187  653   
1861  147   
694   1784  
1150  964   
964   902   
902   1177  
693   539   
539   1263  
1263  1700  
1700  1109  
1700  1472  
1472  1369  
1472  652   
539   663   
663   61    
663   542   
542   1537  
1369  393   
393   2     
336   1773  
1731  177   
1109  1143  
1143  1684  
1332  930   
799   82    
82    459   
1116  714   
1385  1307  
1307  1155  
1307  243   
243   1361  
1361  866   
1361  677   
243   1324  
677   1878  
817   1553  
1553  1546  
316   915   
27    1614  
1614  1359  
1359  1665  
1665  924   
1614  1138  
1665  1452  
1452  839   
1665  1866  
106   1703  
1703  491   
491   769   
1703  1097  
544   50    
438   1022  
491   259   
1050  1723  
1723  174   
174   980   
106   1200  
1200  1660  
1660  139   
139   1062  
1062  1403  
1403  1474  
1474  482   
482   1128  
1128  1827  
482   787   
1474  527   
527   1586  
1586  1094  
1586  1466  
1466  1872  
1466  1090  
1090  523   
1094  1110  
1128  237   
1094  860   
860   1153  
1153  645   
1153  1874  
1874  1512  
1128  782   
782   38    
38    887   
887   789   
887   1507  
789   876   
876   963   
963   1956  
1956  287   
963   269   
789   1924  
1924  554   
1924  279   
1924  945   
945   145   
279   1268  
38    1079  
1079  363   
363   1283  
482   616   
616   1672  
1403  1433  
1433  560   
560   427   
560   335   
427   568   
568   813   
813   1651  
1924  1831  
813   1059  
1918  1825  
1825  894   
1825  1044  
1044  1253  
1253  847   
1044  290   
290   515   
515   260   
290   1262  
1262  456   
290   1733  
1733  1516  
1825  804   
1516  1179  
456   168   
456   343   
343   1745  
1745  1131  
1745  1778  
1778  1656  
343   1742  
343   1413  
1131  281   
1745  1616  
1616  916   
1616  457   
916   1676  
457   219   
219   627   
1676  1527  
1527  1807  
1807  1980  
1980  844   
1527  942   
942   1058  
1058  1695  
1980  1237  
1527  201   
916   446   
1210  1463  
1463  1690  
446   1214  
1214  1922  
446   1977  
90    1225  
1451  190   
190   1250  
1311  1873  
669   428   
428   1692  
869   474   
1403  1744  
1744  742   
132   514   
1065  1570  
1570  797   
394   852   
1919  1357  
852   1063  
1063  1244  
1602  762   
762   935   
732   1671  
758   502   
1604  596   
854   1164  
1164  1219  
1219  115   
1219  778   
778   1880  
1219  397   
397   1004  
1004  1074  
1004  1852  
1004  1540  
1004  1568  
1219  1082  
854   640   
544   816   
640   1845  
816   1310  
1310  1105  
1965  541   
541   307   
541   827   
307   892   
541   788   
788   777   
777   1099  
541   1490  
1490  968   
1099  1222  
1222  127   
127   1816  
1222  780   
968   1597  
1597  1091  
968   1364  
1364  1806  
1806  530   
968   611   
530   589   
611   840   
840   298   
298   1261  
1261  798   
298   402   
402   1254  
1254  1290  
1290  1716  
1716  1480  
1480  284   
284   1315  
284   308   
1480  855   
1254  751   
308   1343  
1343  757   
751   1763  
298   1876  
1876  1868  
663   1274  
723   270   
270   1975  
270   1707  
1707  212   
1707  1904  
1904  453   
1517  1505  
628   1355  
1073  1491  
1261  466   
466   23    
23    84    
23    48    
466   320   
320   1374  
1374  513   
48    1689  
1689  867   
1689  233   
1153  1567  
1567  993   
1567  1579  
1579  1811  
993   422   
422   1859  
1090  1958  
1958  268   
268   870   
268   740   
1958  1885  
1466  586   
1872  1552  
586   1426  
1374  1078  
1078  1314  
1078  430   
1078  1457  
1457  909   
909   1882  
1882  390   
1882  1857  
1882  1354  
909   1978  
909   1046  
738   707   
707   1135  
1135  1779  
1135  1260  
1779  637   
637   166   
1046  563   
166   943   
1038  907   
238   70    
558   291   
291   1495  
70    492   
492   1450  
1450  875   
1450  60    
1450  112   
13    1049  
1049  538   
538   608   
1457  1048  
1910  929   
621   1881  
27    75    
75    606   
644   1425  
606   1462  
652   776   
776   1417  
1417  1190  
1316  1420  
1177  1686  
276   1781  
620   1559  
26    1159  
1632  186   
186   1061  
972   1515  
1515  71    
71    1796  
1796  1368  
938   1477  
1477  1431  
1431  504   
1368  643   
1014  167   
167   1362  
1362  1213  
1362  1762  
1762  1233  
1362  1936  
1762  1789  
1561  1238  
1311  1191  
1799  100   
875   1005  
997   1580  
851   724   
724   1792  
1549  1758  
1758  1764  
482   803   
1586  1635  
714   698   
714   467   
945   1841  
1841  1506  
1073  597   
287   1036  
1036  952   
952   899   
597   1748  
1748  91    
91    1654  
215   303   
495   1754  
418   72    
72    1293  
1293  354   
354   954   
354   1095  
72    588   
588   1921  
1921  1169  
588   1795  
346   277   
277   1033  
1026  1599  
1033  521   
1743  1070  
1070  1760  
1760  1142  
1760  984   
1760  289   
289   1211  
1211  629   
629   1358  
1358  1258  
785   1659  
1659  601   
601   191   
191   1900  
530   1513  
949   767   
767   1419  
1964  1000  
1419  1454  
1106  1836  
1836  977   
977   811   
811   1996  
1996  405   
1996  1415  
405   618   
1911  176   
176   1028  
1028  465   
1028  1802  
176   469   
1288  55    
55    73    
73    761   
761   660   
1685  1203  
179   1822  
1203  960   
960   250   
90    355   
930   52    
52    88    
88    1068  
993   1303  
1303  101   
1687  1994  
1150  1581  
1581  7     
7     815   
815   275   
275   1923  
815   1771  
7     1518  
275   1308  
1308  1759  
1518  828   
828   1010  
275   150   
1771  685   
1923  1739  
1739  1273  
1273  1813  
579   1906  
879   380   
1273  1057  
497   498   
498   1721  
1721  1220  
1721  1946  
1946  951   
951   1839  
1839  1151  
1839  1446  
1151  1119  
1119  1933  
1119  1494  
1494  1002  
1446  160   
160   468   
468   311   
468   646   
646   1252  
1494  1563  
1563  759   
759   1204  
1563  151   
151   883   
151   1140  
151   1592  
1946  834   
1882  641   
755   687   
687   1134  
1134  367   
835   1016  
1151  1251  
1251  704   
704   729   
704   424   
424   587   
587   189   
424   886   
886   1883  
1883  903   
903   503   
503   1100  
903   1818  
903   1081  
587   565   
1100  1649  
1567  536   
240   1434  
1434  1593  
1434  344   
344   509   
1579  484   
621   126   
126   1001  
484   1577  
1577  1408  
774   1951  
444   188   
188   841   
1016  1396  
1396  1356  
1356  1702  
1702  1925  
1494  564   
564   1041  
1041  1955  
210   1562  
1562  312   
312   1712  
1712  659   
659   294   
1712  347   
347   1976  
347   1793  
1976  1829  
879   1382  
1382  251   
251   932   
251   715   
715   1877  
1877  971   
932   1341  
1341  703   
703   1544  
1877  1399  
1399  1605  
1605  885   
885   15    
15    278   
278   626   
1544  736   
736   1035  
971   889   
889   1182  
1877  1901  
1035  264   
950   1224  
554   526   
1435  360   
360   302   
360   1583  
1583  1542  
1542  1834  
1542  185   
1542  29    
29    642   
1744  297   
145   622   
469   670   
670   966   
670   989   
811   159   
989   771   
1332  1959  
1959  1039  
1039  511   
511   1727  
1727  463   
1727  366   
1039  488   
1959  1618  
1959  1493  
1039  1401  
1039  1729  
1959  1009  
1009  383   
383   933   
933   410   
410   1101  
1101  280   
280   873   
1101  1698  
1101  1636  
1636  1638  
1698  1278  
410   1402  
1402  1655  
1698  1075  
410   57    
57    810   
57    1006  
810   142   
1101  432   
432   1560  
319   976   
976   888   
1560  884   
1144  1611  
1611  348   
1021  1582  
942   680   
1748  196   
631   1503  
4     699   
1402  1077  
1077  692   
1278  814   
1636  213   
724   1395  
1395  895   
1803  609   
609   87    
87    825   
825   392   
71    1496  
1496  1309  
1309  224   
181   1663  
1535  927   
303   1564  
528   1870  
1564  518   
560   636   
636   1550  
636   31    
636   1681  
31    861   
1255  334   
713   1855  
1855  726   
1690  638   
305   1104  
1104  1705  
1705  1055  
1104  313   
1055  172   
1705  118   
118   228   
228   806   
806   896   
896   1387  
713   478   
478   1281  
478   429   
1089  378   
378   1943  
1106  683   
683   1920  
1881  1271  
1106  1607  
1607  11    
1607  547   
308   794   
402   1622  
1091  1286  
1789  1427  
593   1306  
1537  1828  
1552  838   
838   1724  
1724  1344  
240   666   
1831  1953  
1953  1264  
1953  248   
1850  1042  
1252  283   
1172  140   
283   1226  
1226  111   
1463  756   
1554  1499  
1380  1530  
1416  1777  
1413  822   
822   184   
586   1797  
1797  1749  
1749  1991  
1991  878   
878   900   
900   598   
1749  244   
244   1986  
980   1982  
924   956   
287   475   
475   1171  
475   306   
306   823   
306   6     
475   261   
261   522   
261   1713  
1713  1386  
6     1679  
522   1995  
1089  135   
1166  110   
110   1571  
1937  802   
802   585   
1026  128   
1786  749   
749   1983  
749   274   
40    452   
452   877   
877   1053  
452   25    
596   1629  
1325  1103  
805   983   
1412  1377  
1377  746   
746   318   
318   904   
904   1137  
1137  1909  
459   672   
693   1265  
732   1475  
772   1954  
1954  1175  
1175  1683  
418   1539  
885   1317  
1325  578   
1514  662   
578   1680  
1680  331   
331   739   
1680  199   
199   1294  
199   258   
258   345   
492   1126  
1126  1037  
1071  863   
863   14    
1579  561   
561   1774  
1774  1378  
1378  1447  
1041  1598  
1598  81    
1213  1485  
1623  1989  
1410  102   
102   1945  
1945  624   
1945  1436  
132   257   
1936  361   
361   1336  
754   551   
1091  1145  
1145  443   
424   68    
68    1533  
93    671   
1977  1414  
1414  371   
1255  1840  
1840  1157  
1157  1312  
1312  599   
599   458   
458   375   
458   965   
965   1040  
1040  1898  
1040  1154  
1991  584   
1183  874   
1124  1186  
874   1421  
1421  109   
391   1365  
1365  553   
1365  858   
858   206   
1887  795   
795   1596  
1596  920   
795   425   
425   225   
225   1551  
1551  1521  
425   1123  
1521  379   
1123  1342  
1355  426   
426   994   
426   1020  
426   897   
1342  386   
379   1508  
1508  1389  
1508  1835  
1835  1066  
1389  999   
653   1027  
1027  1481  
1027  1658  
278   1556  
1556  285   
1556  944   
285   437   
1879  580   
580   1833  
951   583   
583   175   
945   1029  
1457  1060  
1677  1087  
1564  464   
1208  1939  
1939  1350  
1350  351   
1350  1640  
935   743   
743   28    
28    1279  
1279  94    
94    1519  
28    1206  
1279  928   
928   1192  
1919  845   
701   352   
1852  1895  
1895  730   
1895  1471  
1895  211   
1847  103   
50    1470  
103   1173  
314   1990  
1990  396   
396   1576  
396   477   
1990  1837  
1872  1242  
469   711   
711   1643  
209   733   
733   566   
306   1942  
1054  1726  
563   1032  
576   1987  
1987  1531  
1116  1630  
1630  1455  
1013  304   
1024  1929  
1929  649   
649   765   
1929  1176  
1176  1375  
1809  1011  
1011  253   
418   1117  
1222  1017  
1244  1469  
1666  1227  
1227  1437  
1595  793   
793   958   
189   1409  
1409  722   
73    537   
1258  485   
606   1719  
1540  612   
612   829   
1540  486   
486   1949  
1949  1318  
1949  1299  
1299  315   
444   62    
692   1794  
360   1207  
1207  525   
525   1589  
525   1696  
509   1858  
819   86    
1374  820   
820   1902  
820   1927  
1902  1798  
1927  1030  
1798  449   
449   450   
1030  581   
729   1256  
179   1741  
940   33    
33    1627  
40    550   
550   1522  
550   1688  
1688  1538  
966   679   
88    137   
561   113   
113   1245  
113   1543  
1398  1804  
1804  695   
371   421   
723   1323  
421   1461  
270   665   
1533  510   
510   180   
96    1249  
1249  800   
1903  1894  
354   1728  
576   524   
349   914   
914   173   
173   1993  
1813  1170  
327   773   
773   389   
421   1465  
1465  1780  
1222  499   
499   1161  
113   79    
1483  1102  
1916  1019  
1019  543   
1745  721   
721   1572  
1572  1532  
1131  1349  
1567  32    
32    1120  
1120  1800  
1120  149   
149   1114  
567   1205  
1835  1489  
888   784   
784   967   
432   158   
1939  986   
986   193   
193   716   
621   1366  
1658  1373  
1373  1846  
1179  1844  
1844  434   
1056  1988  
1745  1644  
1644  323   
1398  807   
1335  1875  
966   1047  
1030  195   
210   1152  
1152  171   
171   595   
171   328   
171   1547  
1547  1747  
1747  676   
676   1230  
328   131   
131   1239  
1239  1884  
1239  552   
600   657   
699   471   
535   1215  
1215  235   
1215  872   
1640  1     
1685  1487  
1487  948   
948   1217  
1487  1127  
948   1276  
634   53    
15    236   
236   1634  
1685  1670  
1670  1908  
776   1429  
1908  1418  
1412  1467  
1467  9     
1467  1397  
451   442   
498   1188  
1188  991   
340   1944  
409   1528  
1528  104   
1528  1843  
844   119   
722   555   
1037  377   
804   1163  
1826  996   
35    691   
691   1637  
1188  1302  
463   1096  
1724  1814  
1137  271   
29    610   
610   1246  
1246  1899  
1246  1867  
1867  154   
1867  925   
154   752   
1899  719   
1246  338   
1246  39    
39    197   
197   1367  
1106  24    
1620  1617  
1306  404   
1829  731   
816   148   
1907  1628  
1003  493   
526   138   
138   92    
138   1591  
1035  388   
388   1195  
40    1928  
1954  1406  
1406  1832  
1182  1328  
1328  1717  
1717  572   
1328  1484  
1484  1782  
1037  476   
840   508   
174   1973  
853   121   
167   635   
332   1133  
1133  1830  
452   1971  
1454  1947  
392   1449  
1449  982   
164   1345  
1472  1740  
1740  1950  
1968  686   
686   1393  
1431  1633  
452   1247  
1247  1785  
452   1340  
1340  263   
1447  1856  
701   1442  
1442  1896  
1442  359   
1211  1886  
28    203   
203   1379  
1382  744   
1856  582   
958   557   
557   1704  
1506  1218  
760   1259  
957   998   
1496  826   
536   591   
922   1585  
1585  1438  
1585  1504  
103   157   
157   1621  
1856  573   
521   696   
696   1236  
1780  1193  
1556  689   
249   1557  
640   1445  
1557  170   
1557  1706  
524   1842  
167   411   
257   926   
1385  712   
755   95    
1155  1738  
1738  1574  
1574  36    
1729  1746  
1746  1523  
849   1893  
1546  1400  
1400  80    
1400  939   
1893  763   
1728  58    
1023  1673  
1417  494   
494   801   
494   1012  
1012  549   
478   483   
1180  3     
1629  480   
111   1156  
1049  1838  
1567  1808  
431   725   
725   165   
277   321   
396   821   
114   1735  
114   1824  
1243  973   
973   1642  
1642  1108  
973   341   
778   1085  
653   356   
403   133   
133   604   
981   1573  
1595  1440  
1573  1497  
1177  796   
1481  1610  
1610  1381  
264   401   
1096  978   
19    891   
891   1674  
1483  1810  
1670  1935  
1496  1296  
486   1657  
889   22    
53    681   
1742  1194  
1892  1424  
764   1788  
754   837   
906   833   
649   1974  
180   548   
548   435   
593   1682  
112   1526  
951   1897  
373   447   
1068  129   
1580  1972  
1972  1756  
1756  108   
108   296   
296   905   
905   735   
881   1292  
1466  623   
1845  857   
482   231   
340   254   
978   947   
1957  770   
308   1566  
1566  545   
1059  120   
621   342   
1590  42    
1433  1615  
1615  1548  
1121  1391  
1391  559   
559   1184  
559   1334  
1391  1223  
855   1737  
1737  1999  
1214  1998  
186   461   
900   1767  
1767  136   
1767  890   
10    223   
28    85    
1403  862   
1251  931   
1277  208   
313   1130  
1572  824   
977   1125  
1125  1080  
626   1913  
1637  487   
1965  1072  
1072  656   
156   30    
332   329   
839   741   
741   143   
802   516   
853   848   
1995  812   
812   1326  
1091  1025  
471   218   
218   65    
701   1479  
687   625   
360   1498  
402   1534  
1946  415   
1620  1147  
877   1199  
1199  988   
1632  617   
868   256   
256   1661  
256   1202  
1145  501   
1499  1468  
1468  1600  
316   413   
106   532   
328   734   
589   1198  
1198  908   
1099  512   
1046  419   
596   433   
1244  399   
1397  1853  
1313  533   
1153  107   
1618  1709  
472   1165  
1462  842   
265   406   
406   1791  
215   252   
155   21    
966   1444  
105   534   
634   1917  
1713  1869  
679   688   
1652  985   
1034  830   
274   1330  
616   970   
343   882   
683   5     
1977  374   
1973  1720  
1720  710   
1472  47    
880   358   
1061  230   
363   594   
170   934   
1     1351  
1140  1981  
386   540   
383   357   
687   832   
832   1871  
1452  1168  
1166  490   
687   766   
645   1267  
1130  1189  
1189  1407  
1189  301   
1407  125   
641   162   
1884  1235  
654   571   
571   178   
1835  1113  
1753  266   
1879  1776  
98    1725  
849   1626  
1781  1363  
1842  1482  
1692  1710  
255   440   
318   204   
579   1575  
1804  1234  
1234  913   
1234  682   
682   350   
682   1347  
863   619   
1300  144   
1600  1372  
1501  1641  
1641  1301  
124   1459  
489   309   
405   1587  
1252  1613  
604   1963  
216   831   
524   441   
441   1486  
1486  1639  
1639  1588  
731   1594  
25    146   
1276  1136  
1136  1209  
1002  1730  
1184  1848  
1848  1865  
919   1178  
1618  1383  
23    1555  
1967  1768  
1634  607   
1464  1915  
1258  519   
691   293   
1617  324   
1326  1751  
1751  1423  
736   1812  
1101  1601  
1601  273   
178   286   
1079  1064  
1064  1051  
1280  650   
785   1529  
1100  1390  
1546  768   
1339  1353  
1807  1817  
88    647   
956   1333  
1004  1221  
1165  76    
323   1819  
498   420   
1003  116   
444   1448  
1448  667   
667   1129  
1129  556   
210   46    
630   417   
535   83    
83    718   
1059  1232  
1232  697   
1345  20    
1704  1914  
1914  1930  
856   12    
1793  1441  
1583  8     
8     1578  
1451  987   
216   1216  
1216  843   
1209  455   
455   1492  
1199  1678  
1472  717   
1355  1158  
1158  246   
1313  1775  
1692  153   
582   959   
1586  1473  
361   1291  
564   1112  
748   214   
1468  1201  
1201  1371  
1675  1297  
640   865   
865   1331  
148   917   
717   1509  
1564  974   
340   1653  
1431  408   
1715  1801  
1551  745   
1493  1287  
1543  1970  
431   239   
1497  1962  
873   1736  
572   779   
270   846   
1217  322   
1437  1769  
1708  460   
1594  1394  
1463  1083  
1436  1478  
1975  292   
1778  912   
1656  398   
1057  1111  
752   786   
285   1805  
1012  1718  
715   1693  
1171  64    
1996  1888  
1831  1321  
1793  1648  
1857  1755  
241   1960  
524   481   
Time Taken = 53 ms
